src/assets/data/2021-04-20.json
{"header": { "parameterNumberName": "northward_wind", "parameterUnit": "m.s-1", "parameterNumber": 3, "parameterCategory": 2, "nx": 124, "ny": 124, "numberPoints": 15376, "dx": 0.1858516129032258, "dy": 0.17743435483870967, "la1": 26.9247, "lo1": 90.9384, "la2": 4.92284, "lo2": 113.984, "refTime": "2021-04-{dd_th} 07:00:00" }, "data":
[rows 38 to 56 of 124, columns 43 to 85 of 124]
-0.028752833604812622,-0.22297769784927368,-0.3041529357433319,-0.2844735383987427,-0.1879361867904663,0.0496324822306633,0.554043710231781,1.3252876996994019,1.9575189352035522,2.1721572875976562,2.212400436401367,2.4118452072143555,2.7984566688537598,3.2601873874664307,3.7758665084838867,4.38124942779541,4.807236671447754,5.030242443084717,5.0006890296936035,4.282965183258057,2.458662509918213,0.6347734928131104,0.08686825633049011,0.5217674374580383,0.9200377464294434,0.6578812599182129,0.24251669645309448,0.315856397151947,1.1000365018844604,1.9803204536437988,2.3552932739257812,2.3780460357666016,2.355360507965088,2.4826560020446777,2.5967864990234375,2.4458370208740234,1.8778955936431885,1.2875893115997314,1.1250685453414917,1.300896406173706,1.4081076383590698,1.2205370664596558,0.9024649858474731
0.0030723558738827705,-0.13891899585723877,-0.1350259631872177,-0.08784276247024536,-0.037548914551734924,0.13441357016563416,0.5958752632141113,1.333032250404358,1.9393401145935059,2.1150455474853516,2.1313161849975586,2.41182279586792,3.0675745010375977,3.7622454166412354,4.2093963623046875,4.501672267913818,4.642599105834961,4.714966773986816,4.608777046203613,3.9536571502685547,2.3977527618408203,0.8723944425582886,0.47370874881744385,0.9663372039794922,1.3267309665679932,0.87013840675354,0.17530308663845062,0.08229053765535355,0.8480753898620605,1.7524611949920654,2.1114838123321533,2.1011133193969727,2.0543580055236816,2.178602933883667,2.3019559383392334,2.165807008743286,1.6173250675201416,1.053929090499878,0.9271782636642456,1.146842360496521,1.3088933229446411,1.1942756175994873,0.9595433473587036
0.0932304710149765,0.002891307696700096,0.04932181164622307,0.08791349828243256,0.06753693521022797,0.14096641540527344,0.4828181862831116,1.0615334510803223,1.6222140789031982,2.0102200508117676,2.3538718223571777,2.811135768890381,3.4877305030822754,4.092978000640869,4.329057216644287,4.2832746505737305,4.043340682983398,3.5953779220581055,2.9769716262817383,2.3458523750305176,1.6149168014526367,0.988261342048645,0.7871152758598328,0.9624994397163391,1.036450743675232,0.6458042860031128,0.11133477091789246,-0.03915231674909592,0.31227269768714905,0.8219249844551086,1.2296684980392456,1.6335394382476807,1.8949089050292969,1.8917317390441895,1.7282555103302002,1.5620636940002441,1.3543882369995117,1.1884554624557495,1.2297766208648682,1.4633311033248901,1.5934836864471436,1.412926197052002,1.0897505283355713
0.18777136504650116,0.13814964890480042,0.20233537256717682,0.22211934626102448,0.14023534953594208,0.12729328870773315,0.3518482446670532,0.7685250043869019,1.2770183086395264,1.876852035522461,2.5424211025238037,3.133640766143799,3.7242658138275146,4.141713619232178,4.1601152420043945,3.8425211906433105,3.284911632537842,2.3396048545837402,1.2183490991592407,0.6198611259460449,0.7252750396728516,1.0012476444244385,0.9772501587867737,0.7896958589553833,0.5629490613937378,0.30645453929901123,0.03545697033405304,-0.12423451244831085,-0.21358639001846313,-0.1418323665857315,0.3044500946998596,1.1320042610168457,1.7111607789993286,1.5777499675750732,1.1231322288513184,0.939899206161499,1.1140331029891968,1.3867161273956299,1.608193039894104,1.8462470769882202,1.9254240989685059,1.6501675844192505,1.2029457092285156
0.22635583579540253,0.17416831851005554,0.22438722848892212,0.23497460782527924,0.1512395739555359,0.1348971128463745,0.3511282503604889,0.757930338382721,1.2329308986663818,1.7597932815551758,2.32686185836792,2.8117380142211914,3.2743725776672363,3.5755157470703125,3.531724452972412,3.1946487426757812,2.6381289958953857,1.6977657079696655,0.6009080410003662,0.07726197689771652,0.34004002809524536,0.7712855339050293,0.8012197613716125,0.5881950259208679,0.3436731696128845,0.1339663416147232,-0.07329350709915161,-0.2185833752155304,-0.357776015996933,-0.3567056655883789,0.030254239216446877,0.7970715761184692,1.3366867303848267,1.1947052478790283,0.7577645182609558,0.630652904510498,0.9210514426231384,1.3156439065933228,1.6032854318618774,1.868472695350647,1.9543458223342896,1.6629024744033813,1.1837409734725952
0.21552079916000366,0.11285988986492157,0.10939112305641174,0.11737976223230362,0.09561806917190552,0.1633446216583252,0.47761183977127075,1.0183027982711792,1.4753799438476562,1.6601979732513428,1.728487491607666,1.8587117195129395,2.102494716644287,2.3056797981262207,2.335874557495117,2.237234592437744,1.9989702701568604,1.5282373428344727,0.9374140501022339,0.5335237383842468,0.35121119022369385,0.2700752913951874,0.23595193028450012,0.2819441854953766,0.26748132705688477,0.05283909663558006,-0.22941401600837708,-0.3197516202926636,-0.16717103123664856,0.0767897218465805,0.31228819489479065,0.5859591960906982,0.7677809000015259,0.7239795327186584,0.5791410207748413,0.5800153017044067,0.7682369947433472,1.0216304063796997,1.283128261566162,1.598244309425354,1.7392637729644775,1.4904907941818237,1.045433759689331
0.21086695790290833,0.08217909932136536,0.037671662867069244,0.03603406250476837,0.043142177164554596,0.15350274741649628,0.5271398425102234,1.1576744318008423,1.591235637664795,1.5058739185333252,1.1873923540115356,1.0507535934448242,1.1445403099060059,1.2938721179962158,1.3938627243041992,1.4847296476364136,1.509160041809082,1.455440640449524,1.3195385932922363,1.0161428451538086,0.41412433981895447,-0.1450190395116806,-0.2352004200220108,0.061141278594732285,0.26560890674591064,0.03894958645105362,-0.32601892948150635,-0.37318506836891174,0.04944005608558655,0.5196543335914612,0.6123208999633789,0.42386457324028015,0.27174869179725647,0.3254775404930115,0.460686594247818,0.5784829258918762,0.6559576988220215,0.7573933601379395,0.9747947454452515,1.314314365386963,1.4931243658065796,1.289175271987915,0.8906492590904236
0.26513224840164185,0.20473039150238037,0.17789766192436218,0.13644945621490479,0.023673439398407936,-0.006117798388004303,0.2621709108352661,0.7987492084503174,1.2009503841400146,1.1994619369506836,1.0281732082366943,1.0066354274749756,1.1938579082489014,1.3996779918670654,1.472124457359314,1.45693838596344,1.3878024816513062,1.2973345518112183,1.1509218215942383,0.8557462692260742,0.28557246923446655,-0.22971436381340027,-0.27507075667381287,0.07301013171672821,0.31464505195617676,0.09525430202484131,-0.2796917259693146,-0.33676788210868835,0.08487045764923096,0.5392779111862183,0.5659587383270264,0.26215818524360657,0.03313948214054108,0.11022129654884338,0.31793853640556335,0.48605501651763916,0.590975284576416,0.7042948603630066,0.9063646793365479,1.2017995119094849,1.3497997522354126,1.1582351922988892,0.7910997867584229
0.34832024574279785,0.4109312891960144,0.43481379747390747,0.3372619152069092,0.022909805178642273,-0.24851585924625397,-0.17959190905094147,0.15598748624324799,0.5191295742988586,0.7981927394866943,1.0729563236236572,1.3836617469787598,1.808274269104004,2.14162015914917,2.1395692825317383,1.8592662811279297,1.5069817304611206,1.147756814956665,0.7546738386154175,0.41757380962371826,0.09958912432193756,-0.1153479665517807,-0.06585095077753067,0.23794487118721008,0.4271628260612488,0.2197435200214386,-0.13626912236213684,-0.23388318717479706,0.05136901140213013,0.3706323802471161,0.37131667137145996,0.1276041567325592,-0.047844596207141876,0.018385425209999084,0.19720306992530823,0.37892693281173706,0.5690505504608154,0.7626358270645142,0.9529323577880859,1.1599843502044678,1.2370578050613403,1.0441148281097412,0.7077559232711792
0.37401798367500305,0.5092056393623352,0.5659680366516113,0.4654293656349182,0.11160413175821304,-0.23467908799648285,-0.3006671369075775,-0.17042025923728943,0.09786485135555267,0.5366979241371155,1.0922399759292603,1.5893598794937134,2.1080451011657715,2.463904857635498,2.37814998626709,1.9059714078903198,1.3767067193984985,0.8882933855056763,0.40747275948524475,0.12379913032054901,0.07516379654407501,0.1453857272863388,0.2752951383590698,0.5093388557434082,0.6202859878540039,0.40308064222335815,0.04652877524495125,-0.10196071863174438,0.046535905450582504,0.2375350445508957,0.22688210010528564,0.06738372892141342,-0.03671390563249588,0.024064676836133003,0.16979826986789703,0.3432629704475403,0.5673611164093018,0.7900776863098145,0.9528304934501648,1.0835195779800415,1.1022191047668457,0.9071693420410156,0.5970713496208191
0.2935854494571686,0.4026128649711609,0.4563027620315552,0.44920527935028076,0.3548921048641205,0.2429831326007843,0.1673819124698639,0.09676466882228851,0.16339485347270966,0.5008920431137085,0.9764764904975891,1.3449530601501465,1.6548182964324951,1.8110357522964478,1.613273024559021,1.0873279571533203,0.5989928841590881,0.2963007688522339,0.09450830519199371,0.0782485380768776,0.3216440975666046,0.6277908086776733,0.8086416721343994,0.933426558971405,0.920967698097229,0.6384412050247192,0.22455281019210815,0.005506299436092377,0.04861544445157051,0.15537217259407043,0.15218399465084076,0.08014945685863495,0.05419231578707695,0.14259910583496094,0.29139700531959534,0.4385409355163574,0.5939263701438904,0.7380156517028809,0.8481939435005188,0.9416382908821106,0.9351344108581543,0.7266029715538025,0.4149269759654999
0.168154776096344,0.2100009322166443,0.24460116028785706,0.37183889746665955,0.6641931533813477,0.9192661643028259,0.8905516266822815,0.6256586313247681,0.45433348417282104,0.5953665375709534,0.8581207394599915,0.9859917759895325,0.9838806390762329,0.8701291680335999,0.5667406916618347,0.061228103935718536,-0.2940728962421417,-0.3075609505176544,-0.12097465991973877,0.1853267252445221,0.704820990562439,1.209040641784668,1.4246246814727783,1.432465672492981,1.2902822494506836,0.9344432950019836,0.4561383128166199,0.1641555279493332,0.10503393411636353,0.1338023543357849,0.1467997431755066,0.17473560571670532,0.23365439474582672,0.34647753834724426,0.48750242590904236,0.5866944193840027,0.6328978538513184,0.6591497659683228,0.7030762434005737,0.7656731605529785,0.743683397769928,0.528420090675354,0.22216671705245972
0.07383077591657639,0.0664055123925209,0.0777447298169136,0.30665531754493713,0.9021516442298889,1.4489941596984863,1.4682751893997192,1.0682897567749023,0.735244870185852,0.7534254193305969,0.8890279531478882,0.8852131962776184,0.7207656502723694,0.48115143179893494,0.1693766713142395,-0.24702313542366028,-0.4746783673763275,-0.32647576928138733,0.045809097588062286,0.4841357171535492,1.0751571655273438,1.6159499883651733,1.8419429063796997,1.827602505683899,1.662840723991394,1.3095964193344116,0.836681067943573,0.5153246521949768,0.3691493272781372,0.3139549195766449,0.3177781403064728,0.39841267466545105,0.48983991146087646,0.5691551566123962,0.644489049911499,0.672601580619812,0.6370149850845337,0.5817942023277283,0.5579313635826111,0.558504045009613,0.5111737847328186,0.342374324798584,0.12115709483623505
0.009379477240145206,-0.036035604774951935,-0.06208522990345955,0.23718959093093872,1.0713934898376465,1.8528926372528076,1.9163646697998047,1.4165680408477783,0.9868417978286743,0.9761614203453064,1.1067430973052979,1.1162893772125244,0.9780558943748474,0.7923666834831238,0.5931181907653809,0.3495500683784485,0.24568253755569458,0.41309112310409546,0.7391244173049927,1.0749731063842773,1.4596567153930664,1.810032844543457,2.010791540145874,2.1016290187835693,2.057316541671753,1.8046867847442627,1.4256523847579956,1.129030704498291,0.9128134250640869,0.762676477432251,0.7202578783035278,0.7870113253593445,0.8389576077461243,0.80912184715271,0.7444479465484619,0.6688765287399292,0.5792266130447388,0.4814741611480713,0.38324984908103943,0.27885496616363525,0.19554923474788666,0.15388472378253937,0.13709908723831177
-0.04183870553970337,-0.11235050857067108,-0.1675734519958496,0.18645399808883667,1.2010780572891235,2.167982816696167,2.2985260486602783,1.781016230583191,1.318621277809143,1.277308464050293,1.375463843345642,1.3939015865325928,1.3052856922149658,1.2062582969665527,1.1560440063476562,1.131546974182129,1.1687402725219727,1.3113033771514893,1.515398621559143,1.6908310651779175,1.828031301498413,1.9608211517333984,2.1318111419677734,2.345121145248413,2.442927360534668,2.3104755878448486,2.0459330081939697,1.7891501188278198,1.5120097398757935,1.2718689441680908,1.1848971843719482,1.2360750436782837,1.2421066761016846,1.0871095657348633,0.8624274730682373,0.6752757430076599,0.5408030152320862,0.4132111072540283,0.24376718699932098,0.03131016716361046,-0.09152019768953323,-0.007682474330067635,0.17879435420036316
-0.08099517226219177,-0.14786793291568756,-0.19446393847465515,0.2016858011484146,1.2981092929840088,2.3665237426757812,2.6196351051330566,2.2575724124908447,1.8636112213134766,1.701805591583252,1.5870462656021118,1.4631414413452148,1.2933341264724731,1.1788159608840942,1.2411030530929565,1.4573661088943481,1.6726213693618774,1.8106160163879395,1.9252045154571533,2.0364766120910645,2.133697032928467,2.24194073677063,2.4167542457580566,2.6595940589904785,2.7995448112487793,2.73234486579895,2.5394198894500732,2.296957015991211,1.9485610723495483,1.6281890869140625,1.5386899709701538,1.649463176727295,1.6777151823043823,1.4376084804534912,1.0792542695999146,0.7980263829231262,0.6241191029548645,0.4676763415336609,0.23951053619384766,-0.05637367442250252,-0.22731004655361176,-0.10870880633592606,0.1545059084892273
-0.10323460400104523,-0.13792644441127777,-0.1431264728307724,0.28034600615501404,1.3600997924804688,2.4489715099334717,2.888195514678955,2.8676810264587402,2.656001567840576,2.2923529148101807,1.7922375202178955,1.3887379169464111,1.0283911228179932,0.8204303979873657,0.9849543571472168,1.4946537017822266,1.938014268875122,2.069690704345703,2.0852227210998535,2.1885814666748047,2.4091997146606445,2.650808334350586,2.8588833808898926,3.060875415802002,3.16764497756958,3.1284573078155518,2.979523181915283,2.72983455657959,2.288189649581909,1.8817882537841797,1.824920415878296,2.069432497024536,2.183467149734497,1.8820765018463135,1.3960051536560059,1.028613567352295,0.8274698257446289,0.6513563990592957,0.3694072961807251,-0.006108678877353668,-0.2447349578142166,-0.16482827067375183,0.07821889221668243
-0.1334424614906311,-0.13376979529857635,-0.08809036761522293,0.35500070452690125,1.3890892267227173,2.462134838104248,3.0504589080810547,3.3287816047668457,3.2784080505371094,2.7359583377838135,1.8969401121139526,1.2516140937805176,0.7375526428222656,0.45600977540016174,0.6928389668464661,1.4197405576705933,2.0354831218719482,2.170548677444458,2.1239991188049316,2.2320399284362793,2.556102752685547,2.904764175415039,3.1330597400665283,3.2886533737182617,3.359776496887207,3.3416128158569336,3.233790874481201,3.002858877182007,2.5431172847747803,2.121941089630127,2.1013524532318115,2.4276351928710938,2.588397264480591,2.2428042888641357,1.667790412902832,1.2314077615737915,0.9842959642410278,0.7725676894187927,0.46715492010116577,0.08267296105623245,-0.1741589456796646,-0.14842866361141205,0.029955655336380005
-0.2038315236568451,-0.18323904275894165,-0.08163588494062424,0.3818890154361725,1.383272409439087,2.4259915351867676,3.0479185581207275,3.4138455390930176,3.4035916328430176,2.777031183242798,1.800225853919983,1.0763592720031738,0.5549228191375732,0.2929181158542633,0.5518340468406677,1.3133854866027832,1.9567670822143555,2.1043484210968018,2.0592739582061768,2.148879051208496,2.422952890396118,2.7205302715301514,2.928534984588623,3.0846071243286133,3.1754848957061768,3.193803310394287,3.1425933837890625,3.002833843231201,2.702218532562256,2.423297643661499,2.4229750633239746,2.6690173149108887,2.74764347076416,2.3737053871154785,1.7823288440704346,1.3003818988800049,0.9463168978691101,0.6488981246948242,0.3856143057346344,0.15736231207847595,0.013631481677293777,-0.0020957328379154205,0.07149262726306915
