src/assets/data/2021-04-26.json
{"header": { "parameterNumberName": "eastward_wind", "parameterUnit": "m.s-1", "parameterNumber": 2, "parameterCategory": 2, "nx": 124, "ny": 124, "numberPoints": 15376, "dx": 0.1858516129032258, "dy": 0.17743435483870967, "la1": 26.9247, "lo1": 90.9384, "la2": 4.92284, "lo2": 113.984, "refTime": "2021-04-{dd_th} 07:00:00" }, "data":
[rows 76 to 94 of 124, columns 0 to 42 of 124]
3.865295886993408,3.9322075843811035,4.094470500946045,4.262289524078369,4.292741298675537,4.2035417556762695,4.05725622177124,3.8719797134399414,3.6426305770874023,3.4370594024658203,3.268948793411255,3.120110034942627,3.0171427726745605,3.020460844039917,2.8268566131591797,2.083466053009033,1.0075407028198242,0.2650357186794281,0.06211693212389946,0.08963857591152191,0.1393880546092987,0.326128751039505,0.3283945322036743,-0.2613653540611267,-1.1984552145004272,-1.7067909240722656,-1.4152367115020752,-0.9209723472595215,-0.9253742694854736,-1.4323978424072266,-1.8030742406845093,-1.5250272750854492,-0.8765683174133301,-0.37034496665000916,-0.11729557812213898,0.016744468361139297,0.03993029147386551,-0.10381944477558136,-0.18069861829280853,0.06109428405761719,0.4818532466888428,0.6915867924690247,0.49897000193595886
3.7006938457489014,3.6581430435180664,3.785658121109009,3.969524621963501,4.055832862854004,4.080798625946045,4.031252384185791,3.8590266704559326,3.596909999847412,3.3743205070495605,3.2235305309295654,3.0976593494415283,3.010281801223755,3.044642448425293,2.805426597595215,1.7871159315109253,0.30771008133888245,-0.5558258891105652,-0.3447560667991638,0.20051592588424683,0.31057336926460266,0.08977073431015015,-0.21536850929260254,-0.5279873013496399,-0.8769914507865906,-1.0743247270584106,-0.9877738952636719,-0.8417375087738037,-0.953144371509552,-1.3588558435440063,-1.6163057088851929,-1.3354723453521729,-0.731467068195343,-0.2632869780063629,-0.027885232120752335,0.09017511457204819,0.08581994473934174,-0.09989513456821442,-0.20968656241893768,0.03747672960162163,0.48489853739738464,0.6782059669494629,0.36842411756515503
3.7067036628723145,3.499037742614746,3.5656051635742188,3.7417776584625244,3.85198974609375,3.949141025543213,3.9637598991394043,3.799470901489258,3.516101598739624,3.279148578643799,3.119962215423584,2.997779369354248,2.9548957347869873,3.0865659713745117,2.914396047592163,1.8408819437026978,0.24033024907112122,-0.6405128836631775,-0.23963670432567596,0.5263575911521912,0.659243106842041,0.2591758966445923,-0.19594654440879822,-0.431267648935318,-0.5876539349555969,-0.7207358479499817,-0.8256641626358032,-0.9185817241668701,-1.065461277961731,-1.3102314472198486,-1.4017537832260132,-1.0708730220794678,-0.4721085727214813,-0.05140256509184837,0.06353330612182617,0.04732147976756096,-0.002913080155849457,-0.14618930220603943,-0.21131303906440735,0.01868284121155739,0.4204224944114685,0.5855302810668945,0.2810899019241333
3.811286687850952,3.4093239307403564,3.3966236114501953,3.5463356971740723,3.6579976081848145,3.7994868755340576,3.8563523292541504,3.6943063735961914,3.3941450119018555,3.144737482070923,2.9695537090301514,2.845926284790039,2.856015682220459,3.0998494625091553,3.038330554962158,2.0266499519348145,0.4652268886566162,-0.3618277311325073,0.13964997231960297,0.9961088299751282,1.1274073123931885,0.629392147064209,0.07538434863090515,-0.1785522997379303,-0.3188920021057129,-0.4960954785346985,-0.7842254042625427,-1.0626991987228394,-1.2033807039260864,-1.2430157661437988,-1.13401460647583,-0.7421485185623169,-0.15416808426380157,0.2010296732187271,0.15404951572418213,-0.04027659073472023,-0.14565718173980713,-0.21977108716964722,-0.2148420214653015,-0.011187531054019928,0.31923359632492065,0.45782363414764404,0.2215082347393036
3.971734046936035,3.421835422515869,3.3291139602661133,3.428433418273926,3.506725311279297,3.637748956680298,3.6922807693481445,3.5266668796539307,3.2260336875915527,2.9713661670684814,2.780930995941162,2.6411759853363037,2.640779495239258,2.8695428371429443,2.8289594650268555,1.9216090440750122,0.5189056992530823,-0.18076515197753906,0.40998968482017517,1.3194663524627686,1.435514211654663,0.8454047441482544,0.19066552817821503,-0.1257217824459076,-0.31402891874313354,-0.5299986600875854,-0.8630408644676208,-1.1640559434890747,-1.2529751062393188,-1.1528156995773315,-0.9222292304039001,-0.5074866414070129,0.046423524618148804,0.34921133518218994,0.22386258840560913,-0.05508812144398689,-0.20551219582557678,-0.28680455684661865,-0.2825759947299957,-0.1007130891084671,0.20203091204166412,0.34809058904647827,0.19278474152088165
4.215706825256348,3.585019111633301,3.416808605194092,3.438140869140625,3.4345762729644775,3.471144199371338,3.4610586166381836,3.308755397796631,3.0692272186279297,2.8365821838378906,2.6167988777160645,2.409618854522705,2.2756009101867676,2.268221139907837,2.0830461978912354,1.307085633277893,0.20452728867530823,-0.2625274658203125,0.4550870954990387,1.428481101989746,1.5255489349365234,0.8224932551383972,0.029042355716228485,-0.43385612964630127,-0.7784281373023987,-1.0233426094055176,-1.1703159809112549,-1.217451572418213,-1.162949800491333,-1.0021289587020874,-0.757117748260498,-0.3793124854564667,0.0927514135837555,0.35237789154052734,0.2720080614089966,0.04575391486287117,-0.15115682780742645,-0.38858097791671753,-0.5148308277130127,-0.3335722088813782,0.044504690915346146,0.27433452010154724,0.2215418517589569
4.496442794799805,3.8175787925720215,3.5697269439697266,3.491744041442871,3.380800247192383,3.28779673576355,3.180514097213745,3.0206966400146484,2.8284802436828613,2.6116864681243896,2.3731987476348877,2.108286142349243,1.8169151544570923,1.5086901187896729,1.1395004987716675,0.5468543767929077,-0.151741623878479,-0.33420461416244507,0.4670591950416565,1.4357256889343262,1.4937387704849243,0.7008006572723389,-0.20953434705734253,-0.8353787660598755,-1.3695883750915527,-1.6404097080230713,-1.5249683856964111,-1.2312431335449219,-1.0187252759933472,-0.853521466255188,-0.654289186000824,-0.33708903193473816,0.046192094683647156,0.27838483452796936,0.30015379190444946,0.19101069867610931,-0.034591466188430786,-0.456251323223114,-0.7445222735404968,-0.5703200101852417,-0.11263829469680786,0.20676188170909882,0.2632324695587158
4.722641468048096,4.001636028289795,3.6598994731903076,3.4665157794952393,3.2565200328826904,3.074340343475342,2.8795623779296875,2.6198806762695312,2.325822353363037,2.057351589202881,1.858757495880127,1.6512572765350342,1.321468472480774,0.8564275503158569,0.4259447157382965,0.08766400814056396,-0.17373299598693848,-0.1051524356007576,0.6243729591369629,1.4128881692886353,1.3853355646133423,0.5720267295837402,-0.3501768708229065,-1.0187997817993164,-1.6033341884613037,-1.8620288372039795,-1.615265130996704,-1.169032096862793,-0.9158227443695068,-0.8159192800521851,-0.6956406831741333,-0.4220157861709595,-0.0696927085518837,0.17787010967731476,0.3014151453971863,0.31044474244117737,0.119094617664814,-0.3459635078907013,-0.6973749995231628,-0.5831314325332642,-0.19119025766849518,0.11114885658025742,0.24037963151931763
4.920981407165527,4.172828674316406,3.7055411338806152,3.3586502075195312,3.0605502128601074,2.8608293533325195,2.5995993614196777,2.0897467136383057,1.4479925632476807,1.0083746910095215,0.9305366277694702,0.9450157880783081,0.7287132740020752,0.2735697627067566,-0.068928562104702,-0.03427446633577347,0.2317999005317688,0.5354863405227661,0.9853911399841309,1.348240852355957,1.1659109592437744,0.42026016116142273,-0.38173365592956543,-0.9534415006637573,-1.4294501543045044,-1.6283878087997437,-1.3821282386779785,-0.9834984540939331,-0.8379870653152466,-0.9304109811782837,-0.9679644703865051,-0.723463773727417,-0.32043740153312683,0.01236245408654213,0.2633334994316101,0.4212673008441925,0.3636389970779419,0.04784645885229111,-0.23964832723140717,-0.2773352563381195,-0.17830680310726166,-0.049820102751255035,0.1239408329129219
5.057365894317627,4.284135818481445,3.7029876708984375,3.213965892791748,2.822627067565918,2.582247495651245,2.236907958984375,1.482466697692871,0.5119017958641052,-0.07961894571781158,-0.022025294601917267,0.2325623333454132,0.16220420598983765,-0.23174764215946198,-0.4474003314971924,-0.037411097437143326,0.7350746989250183,1.2427998781204224,1.3611983060836792,1.248139500617981,0.9025493860244751,0.25536632537841797,-0.382508784532547,-0.8042672872543335,-1.110422968864441,-1.234867811203003,-1.0566991567611694,-0.7954587936401367,-0.7941619157791138,-1.068830966949463,-1.2451690435409546,-1.0215535163879395,-0.5608955025672913,-0.14391738176345825,0.21700522303581238,0.5047053098678589,0.5819481015205383,0.43714025616645813,0.2360779047012329,0.05894266068935394,-0.1275542974472046,-0.17962771654129028,0.004489470273256302
5.066318988800049,4.246030807495117,3.6200904846191406,3.0691466331481934,2.563699960708618,2.1451268196105957,1.6492102146148682,0.8380843997001648,-0.13095125555992126,-0.688103973865509,-0.5516706705093384,-0.19933633506298065,-0.20747143030166626,-0.5831752419471741,-0.7327627539634705,-0.08788607269525528,1.010669231414795,1.650046467781067,1.554685354232788,1.1351069211959839,0.6816744804382324,0.08891039341688156,-0.43960341811180115,-0.7205970287322998,-0.8502147793769836,-0.9064604640007019,-0.8492343425750732,-0.7649406790733337,-0.8380281925201416,-1.0994666814804077,-1.2499408721923828,-1.0340667963027954,-0.5907617211341858,-0.17802274227142334,0.2021237313747406,0.5162999629974365,0.6097252368927002,0.4734569489955902,0.2767481803894043,0.10362710803747177,-0.0816352516412735,-0.14881297945976257,-0.014254352077841759
4.947689056396484,4.055464267730713,3.4613547325134277,2.936213493347168,2.2897915840148926,1.5360758304595947,0.8035820722579956,0.11122442781925201,-0.5347294807434082,-0.8717637658119202,-0.7025524377822876,-0.3780757784843445,-0.3894747495651245,-0.7675375938415527,-0.892822802066803,-0.1423540711402893,1.1072640419006348,1.800727367401123,1.5883433818817139,1.0043714046478271,0.4751424789428711,-0.13421235978603363,-0.6145385503768921,-0.7145766019821167,-0.5777502059936523,-0.5372934341430664,-0.7085010409355164,-0.9183423519134521,-1.0201351642608643,-1.0493561029434204,-0.9804065823554993,-0.7497368454933167,-0.39642101526260376,-0.07859925925731659,0.22040578722953796,0.4462169408798218,0.4328238368034363,0.1441996544599533,-0.12465153634548187,-0.13752873241901398,-0.01714729145169258,0.07039837539196014,0.07534319162368774
4.761253833770752,3.803302049636841,3.2410457134246826,2.7427968978881836,1.9628050327301025,0.8844181299209595,-0.06120556220412254,-0.5794594287872314,-0.8281731605529785,-0.9062913656234741,-0.7227871417999268,-0.465973824262619,-0.5049086809158325,-0.8983543515205383,-1.017325758934021,-0.20129738748073578,1.1482304334640503,1.8728916645050049,1.5612412691116333,0.8526423573493958,0.30175405740737915,-0.2385084182024002,-0.6233861446380615,-0.6142056584358215,-0.35378220677375793,-0.28685781359672546,-0.6219054460525513,-1.0247046947479248,-1.1220124959945679,-0.9440314769744873,-0.6890986561775208,-0.45722082257270813,-0.20180296897888184,0.01564663276076317,0.2309657633304596,0.3675427734851837,0.24526627361774445,-0.19864077866077423,-0.5424278378486633,-0.39837512373924255,0.024368587881326675,0.2689521312713623,0.1555139720439911
4.56242036819458,3.5651819705963135,2.9647061824798584,2.416611671447754,1.5341533422470093,0.27534693479537964,-0.7677716016769409,-1.1390326023101807,-1.094649076461792,-0.9810881614685059,-0.7781395316123962,-0.5666261911392212,-0.6435282826423645,-1.096307396888733,-1.2344298362731934,-0.3105315566062927,1.219533085823059,2.0156455039978027,1.5468393564224243,0.6582706570625305,0.18653377890586853,0.007057253271341324,-0.09830892831087112,-0.20463697612285614,-0.27818581461906433,-0.3957737982273102,-0.6269086003303528,-0.8506770133972168,-0.9017624258995056,-0.7900383472442627,-0.618728518486023,-0.43861544132232666,-0.22686918079853058,-0.031130105257034302,0.19932210445404053,0.36218443512916565,0.24077491462230682,-0.2266882359981537,-0.5918042659759521,-0.44656902551651,-0.010839836671948433,0.2399485558271408,0.10998987406492233
4.338996887207031,3.314918041229248,2.626067876815796,1.9744768142700195,1.0049244165420532,-0.349089652299881,-1.412477970123291,-1.6241995096206665,-1.3073452711105347,-1.0176036357879639,-0.7921284437179565,-0.6258057355880737,-0.7686375379562378,-1.3433010578155518,-1.5433752536773682,-0.4825601577758789,1.2982231378555298,2.2014994621276855,1.5221742391586304,0.40622782707214355,0.1178441122174263,0.5899756550788879,0.9491736888885498,0.5131618976593018,-0.33665046095848083,-0.848717987537384,-0.7375935912132263,-0.4421460032463074,-0.3995070159435272,-0.5825079679489136,-0.7229027152061462,-0.639964759349823,-0.42828071117401123,-0.19041316211223602,0.13716429471969604,0.42082953453063965,0.3829973340034485,-0.016523350030183792,-0.3705117106437683,-0.34440651535987854,-0.11428666859865189,0.02983631007373333,-0.0386204831302166
4.038463592529297,3.0336453914642334,2.250002861022949,1.4843131303787231,0.47873222827911377,-0.8505740165710449,-1.8464078903198242,-1.927765965461731,-1.435232162475586,-1.041617512702942,-0.830906867980957,-0.7213782668113708,-0.8893535137176514,-1.4743915796279907,-1.6643205881118774,-0.5448122620582581,1.3240342140197754,2.255959987640381,1.4550457000732422,0.2300361841917038,0.10456541925668716,1.0629411935806274,1.7602806091308594,1.0636156797409058,-0.3860711455345154,-1.1929148435592651,-0.7895562648773193,-0.061249490827322006,0.07008785009384155,-0.33600109815597534,-0.7236085534095764,-0.7378115653991699,-0.5607828497886658,-0.32044196128845215,0.055583223700523376,0.41394129395484924,0.4460151493549347,0.1330830156803131,-0.18354927003383636,-0.25725802779197693,-0.2134702503681183,-0.16208571195602417,-0.15869852900505066
3.5860462188720703,2.673598527908325,1.832718849182129,0.9908759593963623,0.048815205693244934,-1.077931523323059,-1.8909969329833984,-1.918023705482483,-1.4407222270965576,-1.0847430229187012,-0.9690057039260864,-0.938377857208252,-1.0196410417556763,-1.3245446681976318,-1.3141193389892578,-0.32485613226890564,1.229417085647583,1.9941985607147217,1.3009777069091797,0.2568402886390686,0.18181374669075012,1.0743964910507202,1.7151623964309692,1.0603209733963013,-0.2977506220340729,-1.0374242067337036,-0.6194959282875061,0.11412133276462555,0.2918199598789215,-0.01496821828186512,-0.3470662534236908,-0.43584880232810974,-0.41604602336883545,-0.31780433654785156,-0.06521616131067276,0.19586177170276642,0.20877717435359955,-0.037900201976299286,-0.2780989408493042,-0.3206399977207184,-0.26281511783599854,-0.19128558039665222,-0.14814716577529907
3.008075475692749,2.2473227977752686,1.3691809177398682,0.47098636627197266,-0.3265182375907898,-1.0952719449996948,-1.6202573776245117,-1.6484413146972656,-1.3373981714248657,-1.1314818859100342,-1.173293113708496,-1.2399060726165771,-1.153074026107788,-0.9631830453872681,-0.6124745607376099,0.10335703939199448,1.0404577255249023,1.4913105964660645,1.0751222372055054,0.43044427037239075,0.33995556831359863,0.7946378588676453,1.1079356670379639,0.6875903606414795,-0.1287209540605545,-0.5612920522689819,-0.29754504561424255,0.17638972401618958,0.3776273727416992,0.3770500719547272,0.2917318046092987,0.13652563095092773,-0.0888594537973404,-0.23378503322601318,-0.22330717742443085,-0.1756826639175415,-0.235513374209404,-0.41398072242736816,-0.5408205389976501,-0.4732474684715271,-0.28735435009002686,-0.1292964518070221,-0.05594184622168541
2.4989118576049805,1.9373326301574707,0.9611845016479492,-0.08009359240531921,-0.7579466700553894,-1.140558123588562,-1.3446202278137207,-1.3658483028411865,-1.2218741178512573,-1.1644868850708008,-1.3507318496704102,-1.5065151453018188,-1.2760143280029297,-0.6564944386482239,-0.0068559469655156136,0.48246678709983826,0.8991638422012329,1.082702875137329,0.8999403119087219,0.5848410129547119,0.4478907883167267,0.4657002091407776,0.4548182785511017,0.25534942746162415,-0.03936995938420296,-0.1771606206893921,-0.06236772984266281,0.15820051729679108,0.36512017250061035,0.621762216091156,0.7560216784477234,0.5765225887298584,0.1912602037191391,-0.12264704704284668,-0.2966982126235962,-0.4191223978996277,-0.5395756959915161,-0.6712698340415955,-0.7155033946037292,-0.5632585287094116,-0.2762579321861267,-0.05211349204182625,0.04117164388298988
