src/assets/data/2021-04-26.json
{"header": { "parameterNumberName": "eastward_wind", "parameterUnit": "m.s-1", "parameterNumber": 2, "parameterCategory": 2, "nx": 124, "ny": 124, "numberPoints": 15376, "dx": 0.1858516129032258, "dy": 0.17743435483870967, "la1": 26.9247, "lo1": 90.9384, "la2": 4.92284, "lo2": 113.984, "refTime": "2021-04-{dd_th} 07:00:00" }, "data":
[rows 57 to 75 of 124, columns 43 to 85 of 124]
0.6046615839004517,0.9389016032218933,1.004558801651001,0.9120976328849792,0.6478634476661682,0.22989040613174438,-0.03536644205451012,-0.05542975664138794,0.05010399967432022,0.1963275969028473,0.3766852915287018,0.6834661960601807,1.2477349042892456,1.9959027767181396,2.5899760723114014,3.003499746322632,3.2276229858398438,3.088954448699951,2.5280981063842773,1.9114713668823242,1.5192071199417114,1.2167274951934814,0.9200592637062073,0.6073054075241089,0.3041888177394867,0.022646278142929077,-0.24089929461479187,-0.48071563243865967,-0.6743372678756714,-0.8341466188430786,-1.0472605228424072,-1.4322911500930786,-1.7953990697860718,-1.8279895782470703,-1.5155677795410156,-1.1195563077926636,-0.7738682627677917,-0.4204234778881073,-0.2712259292602539,-0.4879581034183502,-0.8292173147201538,-0.9762554168701172,-0.9762873649597168
0.5770742297172546,0.9151366353034973,0.9798336029052734,0.8836077451705933,0.6153238415718079,0.19139058887958527,-0.09271875768899918,-0.1503189206123352,-0.09217187017202377,0.0009604711085557938,0.10686333477497101,0.37902942299842834,1.0188270807266235,1.9152435064315796,2.6119115352630615,3.0415334701538086,3.249419689178467,3.105071544647217,2.541539430618286,1.9242329597473145,1.5379395484924316,1.2456614971160889,0.9557880163192749,0.6664995551109314,0.36626869440078735,-0.011265730485320091,-0.4976338744163513,-0.9220693707466125,-1.1248267889022827,-1.1842626333236694,-1.2734181880950928,-1.496707797050476,-1.7004570960998535,-1.6833090782165527,-1.4372903108596802,-1.1272389888763428,-0.8188397884368896,-0.4857005774974823,-0.3542976379394531,-0.5983564257621765,-0.9577895402908325,-1.08455228805542,-1.0216317176818848
0.5138400197029114,0.8391345739364624,0.9653039574623108,0.9759668111801147,0.897152841091156,0.717820405960083,0.47754278779029846,0.10853942483663559,-0.25850164890289307,-0.4104487895965576,-0.40538543462753296,-0.168325275182724,0.4944811165332794,1.4715378284454346,2.1769018173217773,2.4339356422424316,2.463841438293457,2.3975307941436768,2.1989998817443848,1.9173611402511597,1.580310344696045,1.1776578426361084,0.8157832026481628,0.5824854373931885,0.3396711051464081,-0.1294081211090088,-0.8815421462059021,-1.5412070751190186,-1.7968220710754395,-1.798445701599121,-1.756731390953064,-1.7126777172088623,-1.6308515071868896,-1.5332989692687988,-1.418161392211914,-1.277980089187622,-1.0807596445083618,-0.8437161445617676,-0.7112187147140503,-0.7799587249755859,-0.9082725644111633,-0.9165796041488647,-0.8334572911262512
0.4918130338191986,0.7855539321899414,0.956478476524353,1.046409249305725,1.095147728919983,1.0782172679901123,0.8518655896186829,0.2275930494070053,-0.4725652039051056,-0.7889887690544128,-0.793645977973938,-0.5440032482147217,0.07803715765476227,0.9967503547668457,1.6122535467147827,1.6740570068359375,1.5343350172042847,1.558402419090271,1.7515645027160645,1.824676752090454,1.5248233079910278,0.980334997177124,0.5172784924507141,0.30214381217956543,0.09354814141988754,-0.4221864938735962,-1.3154079914093018,-2.0893664360046387,-2.3394572734832764,-2.260080575942993,-2.1033523082733154,-1.8730436563491821,-1.6066741943359375,-1.4743576049804688,-1.4849556684494019,-1.4910041093826294,-1.377280592918396,-1.1982746124267578,-1.0350922346115112,-0.9116474986076355,-0.8009370565414429,-0.6937354207038879,-0.6049497127532959
0.5756378173828125,0.8114449977874756,0.9591250419616699,0.9933696985244751,0.870434045791626,0.6132972240447998,0.2669273912906647,-0.28460556268692017,-0.8218344449996948,-0.9620293378829956,-0.7209133505821228,-0.3281164765357971,0.14189931750297546,0.7144889831542969,1.0688939094543457,1.0154452323913574,0.842720091342926,0.9337049126625061,1.33473539352417,1.5783953666687012,1.249988079071045,0.5580276250839233,-0.033919792622327805,-0.3510829210281372,-0.6261178255081177,-1.099729061126709,-1.8341095447540283,-2.4156718254089355,-2.4726107120513916,-2.1867799758911133,-1.934636116027832,-1.7964937686920166,-1.697540283203125,-1.6729652881622314,-1.7567895650863647,-1.793926477432251,-1.6388576030731201,-1.3610572814941406,-1.1008198261260986,-0.886263906955719,-0.6941465139389038,-0.5471882224082947,-0.46072787046432495
0.7343805432319641,0.8891898393630981,0.9715728759765625,0.8676109313964844,0.38637828826904297,-0.36235538125038147,-0.9146565794944763,-1.1969397068023682,-1.2693167924880981,-1.0160109996795654,-0.34872734546661377,0.28044599294662476,0.5074275135993958,0.5118796825408936,0.4643332362174988,0.32346469163894653,0.19139066338539124,0.3449574410915375,0.8773396611213684,1.210197925567627,0.8128724098205566,-0.04832920804619789,-0.8006148338317871,-1.301916480064392,-1.707610845565796,-2.0713260173797607,-2.4302306175231934,-2.600191593170166,-2.3351223468780518,-1.7620353698730469,-1.4300166368484497,-1.5692927837371826,-1.8723467588424683,-2.0537028312683105,-2.182766914367676,-2.1808159351348877,-1.9058918952941895,-1.4281108379364014,-1.0201879739761353,-0.7560555934906006,-0.5576640367507935,-0.41055697202682495,-0.33852317929267883
0.887301504611969,0.9629890322685242,0.9417365193367004,0.7002324461936951,-0.005722798872739077,-1.0319020748138428,-1.6804604530334473,-1.7590264081954956,-1.5074518918991089,-0.9958252906799316,-0.0706428587436676,0.6907874941825867,0.7500141263008118,0.3802952766418457,0.06964965164661407,-0.11931652575731277,-0.21952326595783234,-0.050693217664957047,0.5025864839553833,0.8431603312492371,0.4126184284687042,-0.508955717086792,-1.3253917694091797,-1.9380587339401245,-2.420614242553711,-2.6640849113464355,-2.674957275390625,-2.5037925243377686,-2.0711519718170166,-1.426234483718872,-1.1159873008728027,-1.4278186559677124,-1.9535882472991943,-2.2375338077545166,-2.362454414367676,-2.311072587966919,-1.9598009586334229,-1.3714878559112549,-0.8884244561195374,-0.6118217706680298,-0.4293219745159149,-0.2917410135269165,-0.21125012636184692
1.027525782585144,1.0332682132720947,0.8311251401901245,0.4662975072860718,-0.14039959013462067,-0.9327486157417297,-1.4314180612564087,-1.5086948871612549,-1.3208571672439575,-0.8919756412506104,-0.09546228498220444,0.5666693449020386,0.6345556974411011,0.34099477529525757,0.08494850993156433,-0.08040691912174225,-0.185682475566864,-0.09257501363754272,0.2869437336921692,0.49682772159576416,0.1057010143995285,-0.6695355176925659,-1.3493939638137817,-1.875739336013794,-2.2698073387145996,-2.361299514770508,-2.1119723320007324,-1.7917898893356323,-1.5664688348770142,-1.3616971969604492,-1.3134477138519287,-1.5450541973114014,-1.8642933368682861,-2.0102343559265137,-2.0284523963928223,-1.9161343574523926,-1.5963386297225952,-1.1089215278625488,-0.7095509171485901,-0.48407793045043945,-0.3307458162307739,-0.15655261278152466,0.10027192533016205
1.1504974365234375,1.0905511379241943,0.6788737773895264,0.201453298330307,-0.16591203212738037,-0.5055733919143677,-0.7453820109367371,-0.8964926600456238,-0.9260009527206421,-0.7231400012969971,-0.2284478396177292,0.22840797901153564,0.38345667719841003,0.36709874868392944,0.30784517526626587,0.20006081461906433,0.07457597553730011,0.047821205109357834,0.15673907101154327,0.16715627908706665,-0.14536629617214203,-0.6671195030212402,-1.1180698871612549,-1.4897549152374268,-1.7488311529159546,-1.6923924684524536,-1.235619306564331,-0.8551056385040283,-0.9853120446205139,-1.4139630794525146,-1.7105779647827148,-1.7452387809753418,-1.6708877086639404,-1.5753041505813599,-1.4463894367218018,-1.2725813388824463,-1.0321874618530273,-0.737027645111084,-0.493507981300354,-0.34974104166030884,-0.24179232120513916,-0.04913394898176193,0.3785746693611145
1.1775277853012085,1.0630683898925781,0.5456454157829285,0.023226819932460785,-0.19999286532402039,-0.27680543065071106,-0.3577899932861328,-0.524544894695282,-0.6508338451385498,-0.5700818300247192,-0.26105669140815735,0.06086472049355507,0.25522029399871826,0.3881210386753082,0.4257926642894745,0.3192129135131836,0.15076301991939545,0.04887095466256142,0.01961108110845089,-0.055604785680770874,-0.27538102865219116,-0.5904476642608643,-0.9043655395507812,-1.2792470455169678,-1.5873621702194214,-1.5342233180999756,-1.029310703277588,-0.6356949806213379,-0.8898876905441284,-1.527109146118164,-1.8961743116378784,-1.7448054552078247,-1.402299404144287,-1.1654027700424194,-0.9989162683486938,-0.8416744470596313,-0.6663738489151001,-0.4862324595451355,-0.33819684386253357,-0.21578428149223328,-0.1372084766626358,-0.0990624651312828,0.04507000371813774
1.0590054988861084,0.8994847536087036,0.42248040437698364,-0.051187604665756226,-0.2754797339439392,-0.37306487560272217,-0.44100743532180786,-0.527879536151886,-0.5594732761383057,-0.43399161100387573,-0.12320325523614883,0.1785460114479065,0.340400755405426,0.4239737391471863,0.3978962302207947,0.18807773292064667,-0.07727526128292084,-0.19136439263820648,-0.15105757117271423,-0.1205289363861084,-0.1825716197490692,-0.30128929018974304,-0.5978586077690125,-1.269720435142517,-1.9854679107666016,-2.211479663848877,-1.9210820198059082,-1.592374563217163,-1.6121652126312256,-1.7925066947937012,-1.7956125736236572,-1.440199375152588,-0.986814022064209,-0.7536890506744385,-0.7382875680923462,-0.7387294769287109,-0.60747230052948,-0.4142219126224518,-0.25662142038345337,-0.037113845348358154,0.05602629855275154,-0.35509154200553894,-1.280967354774475
0.8933107256889343,0.701101541519165,0.3239813446998596,-0.05978244170546532,-0.3252401351928711,-0.5312957763671875,-0.635977566242218,-0.6241686344146729,-0.516202986240387,-0.30938440561294556,0.04274052008986473,0.34709739685058594,0.4555063247680664,0.43941164016723633,0.3148680031299591,-0.007075727917253971,-0.36334696412086487,-0.46517622470855713,-0.3009835481643677,-0.129062682390213,-0.0644763931632042,-0.060432177037000656,-0.3985436260700226,-1.392123818397522,-2.531012535095215,-3.0675852298736572,-3.0519349575042725,-2.8086318969726562,-2.493828535079956,-2.03757905960083,-1.5685584545135498,-1.0412867069244385,-0.5606541037559509,-0.38224777579307556,-0.5491783022880554,-0.7245610356330872,-0.6316384077072144,-0.40122780203819275,-0.2197442352771759,0.10058717429637909,0.19762639701366425,-0.7180403470993042,-2.846644163131714
0.8009328842163086,0.595780611038208,0.2955568730831146,-0.013786360621452332,-0.2801462709903717,-0.5248174071311951,-0.642307698726654,-0.5843425989151001,-0.4219590425491333,-0.21386712789535522,0.08697420358657837,0.3322869539260864,0.40105539560317993,0.35191577672958374,0.20665769279003143,-0.11857646703720093,-0.46884071826934814,-0.5624797940254211,-0.3773753345012665,-0.20906603336334229,-0.21906450390815735,-0.33626294136047363,-0.7551068663597107,-1.7518055438995361,-2.8673782348632812,-3.4139840602874756,-3.4586293697357178,-3.217355251312256,-2.725158214569092,-1.9734216928482056,-1.3069180250167847,-0.7639859318733215,-0.3403598964214325,-0.19383437931537628,-0.3786247968673706,-0.5799283385276794,-0.5300319790840149,-0.35550370812416077,-0.2372545748949051,0.05147697031497955,0.08140455931425095,-1.0805939435958862,-3.711350679397583
0.7740012407302856,0.5784627199172974,0.3526034951210022,0.11764788627624512,-0.1193256676197052,-0.35736003518104553,-0.4783480167388916,-0.4211590886116028,-0.2785114049911499,-0.1480940282344818,0.0009460505098104477,0.11686056107282639,0.15444564819335938,0.13500966131687164,0.04784295707941055,-0.16097432374954224,-0.39586228132247925,-0.4817553758621216,-0.37814968824386597,-0.37653353810310364,-0.7281574010848999,-1.3082131147384644,-1.8948904275894165,-2.534548759460449,-3.106191873550415,-3.318984270095825,-3.1920132637023926,-2.853123188018799,-2.30568790435791,-1.5558159351348877,-0.948001503944397,-0.5753053426742554,-0.3364730179309845,-0.2091662585735321,-0.22120246291160583,-0.27980300784111023,-0.30405735969543457,-0.3318076729774475,-0.3909662663936615,-0.2394554316997528,-0.3052428662776947,-1.4433456659317017,-3.8955812454223633
0.7669976353645325,0.5907564163208008,0.4222949743270874,0.24757832288742065,0.05423029884696007,-0.14812704920768738,-0.261438250541687,-0.2276935875415802,-0.13723692297935486,-0.09973811358213425,-0.10332827270030975,-0.11248859018087387,-0.1014244481921196,-0.08382482826709747,-0.10190577805042267,-0.17525805532932281,-0.27546951174736023,-0.3487521708011627,-0.3404119312763214,-0.5102184414863586,-1.1740891933441162,-2.166081428527832,-2.8745503425598145,-3.120154619216919,-3.117013692855835,-2.9738857746124268,-2.654003381729126,-2.2265326976776123,-1.7034814357757568,-1.0849688053131104,-0.6283753514289856,-0.4504651427268982,-0.392104834318161,-0.28285640478134155,-0.12286144495010376,-0.024997131898999214,-0.06926936656236649,-0.21813428401947021,-0.42916423082351685,-0.5221595168113708,-0.8044556379318237,-1.865270733833313,-3.8793106079101562
0.7661795020103455,0.6077407598495483,0.43838268518447876,0.27412986755371094,0.1363811045885086,0.01580495946109295,-0.059670425951480865,-0.06054716929793358,-0.03621324896812439,-0.05906786397099495,-0.1289147585630417,-0.19089940190315247,-0.20215046405792236,-0.18442752957344055,-0.17648527026176453,-0.17573580145835876,-0.19324927031993866,-0.24353286623954773,-0.27753666043281555,-0.4822368025779724,-1.1225956678390503,-2.0569634437561035,-2.6814146041870117,-2.7946419715881348,-2.651183843612671,-2.4265575408935547,-2.068598985671997,-1.6606113910675049,-1.255573034286499,-0.831804096698761,-0.5261455774307251,-0.41904890537261963,-0.39366328716278076,-0.3051356077194214,-0.15822824835777283,-0.030905764549970627,0.0782477855682373,0.1642976552248001,-0.020059935748577118,-0.5326162576675415,-1.3195046186447144,-2.4379117488861084,-4.020273685455322
0.7922886610031128,0.6544995307922363,0.42277592420578003,0.2161295861005783,0.14955198764801025,0.16362792253494263,0.15740732848644257,0.10390713810920715,0.036615319550037384,-0.029359251260757446,-0.10135309398174286,-0.1608249694108963,-0.19163084030151367,-0.20164303481578827,-0.1950404942035675,-0.15105484426021576,-0.10791779309511185,-0.1221555769443512,-0.16757002472877502,-0.3082773685455322,-0.6534228324890137,-1.1439276933670044,-1.5050911903381348,-1.6749787330627441,-1.7162929773330688,-1.6100921630859375,-1.3151698112487793,-1.007422924041748,-0.8318222165107727,-0.7194838523864746,-0.6141231060028076,-0.49762916564941406,-0.39244699478149414,-0.32876214385032654,-0.34151607751846313,-0.2753939926624298,0.15976500511169434,0.8151960968971252,0.81545090675354,-0.32026517391204834,-1.916831612586975,-3.182340145111084,-4.210707664489746
0.7510929703712463,0.6349629163742065,0.38851991295814514,0.18273697793483734,0.18603813648223877,0.3095386028289795,0.3549793064594269,0.24714340269565582,0.0922568142414093,-0.0117363091558218,-0.07855642586946487,-0.12710629403591156,-0.16524721682071686,-0.18889360129833221,-0.18739014863967896,-0.13852272927761078,-0.08073057979345322,-0.07382194697856903,-0.11322987079620361,-0.17351828515529633,-0.23636148869991302,-0.3109892010688782,-0.41969001293182373,-0.620186984539032,-0.8130538463592529,-0.8255051970481873,-0.6327579617500305,-0.45335298776626587,-0.4801153242588043,-0.6185943484306335,-0.6663342714309692,-0.5215044021606445,-0.3279929459095001,-0.27632224559783936,-0.4244289696216583,-0.42130932211875916,0.2571028470993042,1.3458369970321655,1.478403925895691,-0.1642325073480606,-2.4080252647399902,-3.772993803024292,-4.32110071182251
0.5345812439918518,0.4408651292324066,0.33611738681793213,0.27239665389060974,0.33690428733825684,0.4804867208003998,0.5157787799835205,0.3534908592700958,0.12705610692501068,-0.018752336502075195,-0.10428068041801453,-0.15719683468341827,-0.17856603860855103,-0.1690329611301422,-0.16428175568580627,-0.1732843816280365,-0.1858634352684021,-0.2002902328968048,-0.2199028581380844,-0.23251718282699585,-0.2223130166530609,-0.19763058423995972,-0.19052720069885254,-0.22285762429237366,-0.2611171007156372,-0.2551548182964325,-0.1915891170501709,-0.15828081965446472,-0.25677603483200073,-0.4354032278060913,-0.5003259778022766,-0.34162643551826477,-0.11859294027090073,-0.047605909407138824,-0.17665264010429382,-0.17603671550750732,0.4554213285446167,1.4636296033859253,1.5006489753723145,-0.2966752052307129,-2.673779249191284,-3.9930849075317383,-4.296536922454834
