src/assets/data/2021-04-26.json
{"header": { "parameterNumberName": "northward_wind", "parameterUnit": "m.s-1", "parameterNumber": 3, "parameterCategory": 2, "nx": 124, "ny": 124, "numberPoints": 15376, "dx": 0.1858516129032258, "dy": 0.17743435483870967, "la1": 26.9247, "lo1": 90.9384, "la2": 4.92284, "lo2": 113.984, "refTime": "2021-04-{dd_th} 07:00:00" }, "data":
[rows 19 to 37 of 124, columns 0 to 42 of 124]
1.5227218866348267,1.5762717723846436,1.5218979120254517,1.4096137285232544,1.2400474548339844,1.0250543355941772,0.8206365704536438,0.5966511964797974,0.4255128502845764,0.4038689434528351,0.5048794746398926,0.6305261850357056,0.7449865341186523,0.8716541528701782,1.0033268928527832,1.1604015827178955,1.2879974842071533,1.3092472553253174,1.2404179573059082,1.2114776372909546,1.2789522409439087,1.401501178741455,1.5747557878494263,1.8285176753997803,2.082510232925415,2.2490642070770264,2.3559255599975586,2.4325218200683594,2.5388643741607666,2.600942850112915,2.433008909225464,1.9429376125335693,1.4084947109222412,1.1239449977874756,1.0117027759552002,0.827195405960083,0.4014567732810974,-0.10652733594179153,-0.459869384765625,-0.6597867608070374,-0.7386926412582397,-0.6551359295845032,-0.4004175066947937
1.4229235649108887,1.3043110370635986,0.97501140832901,0.655741274356842,0.4267757534980774,0.23501423001289368,0.1020701676607132,0.018442746251821518,0.006117695476859808,0.1125403419137001,0.3317197859287262,0.5228652358055115,0.5978426337242126,0.6396195888519287,0.7588181495666504,1.003190040588379,1.2190412282943726,1.2356263399124146,1.0953937768936157,1.0104498863220215,1.0801796913146973,1.2265833616256714,1.4097957611083984,1.6513394117355347,1.8999041318893433,2.1043217182159424,2.2869536876678467,2.3944778442382812,2.422868490219116,2.361246109008789,2.1247119903564453,1.6280994415283203,1.1138226985931396,0.8577111959457397,0.7892148494720459,0.6555280685424805,0.2876279354095459,-0.15815825760364532,-0.4616086483001709,-0.6381075382232666,-0.6801120042800903,-0.4845193922519684,-0.048567816615104675
1.2746585607528687,1.0937247276306152,0.6762152910232544,0.30483344197273254,0.10109695792198181,-0.028855018317699432,-0.1158202514052391,-0.15441790223121643,-0.153085395693779,-0.11764420568943024,-0.04232921451330185,0.02524331584572792,0.03795205056667328,0.047505274415016174,0.15133219957351685,0.38161763548851013,0.6302425265312195,0.7939685583114624,0.9040347337722778,1.0209847688674927,1.1757042407989502,1.3415474891662598,1.492011308670044,1.6230028867721558,1.7504630088806152,1.9080560207366943,2.0965845584869385,2.173811912536621,2.0426790714263916,1.7936346530914307,1.5466607809066772,1.2773919105529785,1.0313059091567993,0.8999264240264893,0.8667427897453308,0.7732204794883728,0.5119140148162842,0.18130359053611755,-0.08862748742103577,-0.34517747163772583,-0.4828956425189972,-0.3112732768058777,0.14311975240707397
1.0183049440383911,0.8276891708374023,0.414423406124115,0.06594797223806381,-0.08006730675697327,-0.13873785734176636,-0.1866077184677124,-0.20642530918121338,-0.23005089163780212,-0.313411682844162,-0.442538857460022,-0.5405880808830261,-0.589647650718689,-0.5936318635940552,-0.506811261177063,-0.32233911752700806,-0.06817145645618439,0.25522539019584656,0.6589182615280151,1.0104422569274902,1.250185489654541,1.4216570854187012,1.5294831991195679,1.5457481145858765,1.5455435514450073,1.6378928422927856,1.8029670715332031,1.8364531993865967,1.566349983215332,1.1676123142242432,0.942963719367981,0.9335741400718689,0.978954017162323,0.9669203758239746,0.937770664691925,0.8687742352485657,0.7413777709007263,0.5716087818145752,0.36820417642593384,0.061661042273044586,-0.16566242277622223,-0.08040326088666916,0.2652924954891205
0.5084186792373657,0.34844735264778137,0.011066243052482605,-0.26300346851348877,-0.3532727062702179,-0.3636166453361511,-0.3751348853111267,-0.36434900760650635,-0.3795858323574066,-0.5030194520950317,-0.7158095836639404,-0.8833141326904297,-0.9567652344703674,-0.9668649435043335,-0.893835186958313,-0.7390822172164917,-0.5026467442512512,-0.15215149521827698,0.31659454107284546,0.7146691083908081,0.950885534286499,1.096304178237915,1.183898687362671,1.187657356262207,1.1723442077636719,1.236133098602295,1.3601199388504028,1.3723071813583374,1.117571473121643,0.7572445869445801,0.5861963629722595,0.6625288128852844,0.7816532850265503,0.7644278407096863,0.6618256568908691,0.5823423266410828,0.5978103876113892,0.6409797072410583,0.6070415377616882,0.4527904689311981,0.30815690755844116,0.2928721606731415,0.36751124262809753
-0.27848485112190247,-0.35309454798698425,-0.5176557898521423,-0.6433635354042053,-0.6643897891044617,-0.6388148069381714,-0.615626335144043,-0.5703747868537903,-0.5610126256942749,-0.6769734025001526,-0.8981473445892334,-1.0728908777236938,-1.139694333076477,-1.1422133445739746,-1.0800228118896484,-0.9518651962280273,-0.7612996101379395,-0.48914098739624023,-0.13003207743167877,0.16917836666107178,0.32606762647628784,0.41156160831451416,0.49361884593963623,0.5714802145957947,0.6348655223846436,0.6911216974258423,0.7415446043014526,0.7422798871994019,0.6434534192085266,0.49982064962387085,0.4240494668483734,0.45248615741729736,0.469034880399704,0.3324629068374634,0.06657478958368301,-0.0657089501619339,0.11781655251979828,0.44869810342788696,0.6913509368896484,0.8727685213088989,0.9570227265357971,0.802004337310791,0.4138141870498657
-0.9468336701393127,-0.9472118020057678,-0.9592048525810242,-0.9577873349189758,-0.9296743273735046,-0.8878117799758911,-0.8452850580215454,-0.7796499729156494,-0.7509608864784241,-0.8436235189437866,-1.0385758876800537,-1.1937589645385742,-1.248833417892456,-1.2484734058380127,-1.2009810209274292,-1.1009562015533447,-0.9616614580154419,-0.7845174670219421,-0.5619192123413086,-0.3801827132701874,-0.301175981760025,-0.2650655508041382,-0.18345369398593903,-0.03579973056912422,0.10596542805433273,0.1743684858083725,0.18804113566875458,0.2007390707731247,0.2485990673303604,0.2972150444984436,0.2979869544506073,0.25979623198509216,0.16687998175621033,-0.058542340993881226,-0.42259296774864197,-0.5722281336784363,-0.261614054441452,0.28353118896484375,0.7627213597297668,1.2771695852279663,1.6045633554458618,1.3381016254425049,0.5351706147193909
-1.2289618253707886,-1.2189117670059204,-1.1885086297988892,-1.1548783779144287,-1.12734854221344,-1.0985465049743652,-1.0621616840362549,-0.9995743036270142,-0.9642948508262634,-1.0248432159423828,-1.1647021770477295,-1.2820022106170654,-1.3365998268127441,-1.3563272953033447,-1.3365145921707153,-1.2695646286010742,-1.1773674488067627,-1.0758452415466309,-0.9564789533615112,-0.854875922203064,-0.8063045740127563,-0.7730109095573425,-0.6845778822898865,-0.5218664407730103,-0.3497302532196045,-0.22604501247406006,-0.1324540078639984,-0.04998013377189636,0.04463839530944824,0.12448464334011078,0.13053180277347565,0.051795583218336105,-0.07250143587589264,-0.2547127306461334,-0.5170989036560059,-0.5730898380279541,-0.22809450328350067,0.3421868085861206,0.9276822805404663,1.6933770179748535,2.23484206199646,1.9390554428100586,0.9127951264381409
-1.2880990505218506,-1.297650933265686,-1.278301477432251,-1.2608290910720825,-1.264359712600708,-1.271220088005066,-1.2600432634353638,-1.2184702157974243,-1.185707688331604,-1.203266978263855,-1.2591402530670166,-1.317431926727295,-1.372767686843872,-1.4230778217315674,-1.437050700187683,-1.4052026271820068,-1.3599013090133667,-1.3316320180892944,-1.3111481666564941,-1.2808301448822021,-1.242488145828247,-1.1891093254089355,-1.0898884534835815,-0.9380578994750977,-0.757627546787262,-0.5558105111122131,-0.32300904393196106,-0.14037179946899414,-0.04536891356110573,-0.011018580757081509,-0.03604785352945328,-0.14994186162948608,-0.2738618850708008,-0.3448488414287567,-0.39615070819854736,-0.2998940348625183,0.019629724323749542,0.5000642538070679,1.114241600036621,2.0861408710479736,2.8279426097869873,2.551020622253418,1.4117012023925781
-1.2636357545852661,-1.2727022171020508,-1.244638442993164,-1.2311631441116333,-1.2656781673431396,-1.3160542249679565,-1.3415899276733398,-1.3382961750030518,-1.3260895013809204,-1.3147978782653809,-1.2990796566009521,-1.3026849031448364,-1.3499243259429932,-1.4140020608901978,-1.4455846548080444,-1.4377630949020386,-1.4193651676177979,-1.4152437448501587,-1.4185842275619507,-1.4062362909317017,-1.3725740909576416,-1.31907320022583,-1.2333194017410278,-1.1179249286651611,-0.9680450558662415,-0.7572718262672424,-0.4836025834083557,-0.27426818013191223,-0.20051851868629456,-0.20251968502998352,-0.22859659790992737,-0.30744194984436035,-0.37068912386894226,-0.3433056175708771,-0.25380244851112366,-0.07012974470853806,0.20735777914524078,0.5898283123970032,1.1702485084533691,2.192958354949951,2.9982755184173584,2.745934247970581,1.6116613149642944
-1.1448988914489746,-1.1142914295196533,-1.0280654430389404,-0.9875361323356628,-1.0568469762802124,-1.1743746995925903,-1.2651735544204712,-1.338895320892334,-1.3846014738082886,-1.3667128086090088,-1.291542410850525,-1.2412097454071045,-1.2668125629425049,-1.3202581405639648,-1.3422622680664062,-1.335730791091919,-1.304376482963562,-1.2318434715270996,-1.1182409524917603,-1.0319392681121826,-1.0180113315582275,-1.0341418981552124,-1.025464415550232,-0.9965337514877319,-0.944927453994751,-0.8472356796264648,-0.7047446966171265,-0.5952653288841248,-0.5771781206130981,-0.5937833786010742,-0.557325005531311,-0.4591021239757538,-0.3369813859462738,-0.22371873259544373,-0.11321882903575897,0.049201905727386475,0.26245638728141785,0.5433114767074585,1.0080761909484863,1.868349552154541,2.5474605560302734,2.322683334350586,1.347421407699585
-0.9648584723472595,-0.8862341642379761,-0.7407209277153015,-0.6715484857559204,-0.7694177627563477,-0.9470596313476562,-1.0993201732635498,-1.248856544494629,-1.3547892570495605,-1.3398170471191406,-1.2216519117355347,-1.1271483898162842,-1.125413179397583,-1.155414342880249,-1.1590496301651,-1.151503562927246,-1.1023715734481812,-0.9451904892921448,-0.6892837882041931,-0.5046558380126953,-0.4886755347251892,-0.5558037757873535,-0.6174085140228271,-0.6795125007629395,-0.7418292760848999,-0.7895898818969727,-0.8280020356178284,-0.8559301495552063,-0.901922881603241,-0.9268678426742554,-0.8204394578933716,-0.5304070711135864,-0.21508315205574036,-0.03654488921165466,0.050503943115472794,0.15301954746246338,0.29437851905822754,0.4716593623161316,0.7765535712242126,1.3586074113845825,1.8088304996490479,1.6157041788101196,0.8873136639595032
-0.821357011795044,-0.7178809642791748,-0.5667046308517456,-0.49516987800598145,-0.5875570774078369,-0.761372983455658,-0.9124071002006531,-1.0644177198410034,-1.1732388734817505,-1.1594421863555908,-1.0420001745224,-0.9412809014320374,-0.9158068895339966,-0.9173436760902405,-0.9159849882125854,-0.9362184405326843,-0.9163861274719238,-0.7650555968284607,-0.5014703273773193,-0.28161123394966125,-0.17213009297847748,-0.12506112456321716,-0.13614685833454132,-0.21924753487110138,-0.33743175864219666,-0.46064767241477966,-0.6042113900184631,-0.7118452787399292,-0.7791131138801575,-0.7952032685279846,-0.6779950261116028,-0.3695752024650574,-0.03882050886750221,0.1372573971748352,0.20955024659633636,0.27949196100234985,0.3810915946960449,0.49540039896965027,0.6568093299865723,0.9450778961181641,1.144251823425293,0.9740663170814514,0.4899241030216217
-0.701396107673645,-0.5949844121932983,-0.4993809461593628,-0.45687270164489746,-0.5080864429473877,-0.6086381673812866,-0.684933066368103,-0.7454673647880554,-0.7822502851486206,-0.7685327529907227,-0.710286021232605,-0.653436541557312,-0.6084038019180298,-0.573356032371521,-0.5816720724105835,-0.666294515132904,-0.7297035455703735,-0.6758730411529541,-0.5371525287628174,-0.33003461360931396,0.006887440569698811,0.3865017294883728,0.5757592916488647,0.5450317859649658,0.41724127531051636,0.26222679018974304,0.04558233171701431,-0.11542998254299164,-0.1593172401189804,-0.13392987847328186,-0.06408406049013138,0.07237792760133743,0.22015535831451416,0.3116194009780884,0.36617088317871094,0.4230136275291443,0.5194013118743896,0.615943431854248,0.6353051066398621,0.5671062469482422,0.4503996968269348,0.2960008382797241,0.089203380048275
-0.5855000019073486,-0.4809906780719757,-0.4367733597755432,-0.41689687967300415,-0.4164760112762451,-0.4336189925670624,-0.441680371761322,-0.4415334463119507,-0.4364573061466217,-0.427042692899704,-0.4138164222240448,-0.38725370168685913,-0.3183816075325012,-0.2446754276752472,-0.2574366331100464,-0.3931875228881836,-0.5330633521080017,-0.5907891988754272,-0.6070475578308105,-0.45565739274024963,0.039725955575704575,0.6755332946777344,1.0306642055511475,1.062188982963562,0.9633632898330688,0.845878005027771,0.6612637042999268,0.522148072719574,0.5043487548828125,0.5400835275650024,0.5464484691619873,0.5117300152778625,0.48106279969215393,0.4909144341945648,0.5310582518577576,0.5777794718742371,0.6673879623413086,0.7453275322914124,0.6372021436691284,0.2535051107406616,-0.14301297068595886,-0.28567221760749817,-0.250620037317276
-0.45926302671432495,-0.34076932072639465,-0.27408045530319214,-0.221300408244133,-0.15483629703521729,-0.10392400622367859,-0.1203983873128891,-0.2373153120279312,-0.35095539689064026,-0.35604503750801086,-0.2853488326072693,-0.20008108019828796,-0.09507191926240921,0.006837774068117142,0.003729492425918579,-0.13507691025733948,-0.30473965406417847,-0.4418451189994812,-0.5827433466911316,-0.5564127564430237,-0.1846943497657776,0.33884596824645996,0.6513174772262573,0.7076833248138428,0.6963546276092529,0.762488603591919,0.8625822067260742,0.9202076196670532,0.8871427178382874,0.8089224696159363,0.7491783499717712,0.7016146779060364,0.6725772619247437,0.688228189945221,0.7450438737869263,0.7847330570220947,0.8280079364776611,0.8308115005493164,0.6124545335769653,0.043989311903715134,-0.5066585540771484,-0.6375164985656738,-0.45329657196998596
-0.3272150158882141,-0.1857970803976059,-0.048741891980171204,0.0754161924123764,0.22533415257930756,0.34393632411956787,0.2709972560405731,-0.08732746541500092,-0.43376970291137695,-0.4615223705768585,-0.26288357377052307,-0.05744766816496849,0.09289602190256119,0.21657679975032806,0.2321632206439972,0.12237810343503952,-0.04898380488157272,-0.25504860281944275,-0.5183899402618408,-0.6794690489768982,-0.6313202381134033,-0.4740232825279236,-0.3435845971107483,-0.27960583567619324,-0.14967387914657593,0.22212821245193481,0.8107905387878418,1.206878662109375,1.1333386898040771,0.8487685322761536,0.7112804651260376,0.7441995739936829,0.8256921768188477,0.901630163192749,0.9977448582649231,1.0349674224853516,1.006371021270752,0.8971616625785828,0.5815203785896301,-0.08172615617513657,-0.700596272945404,-0.8207671642303467,-0.5530389547348022
-0.23373541235923767,-0.11335337162017822,0.02814440056681633,0.15024879574775696,0.281661719083786,0.37080973386764526,0.2464929074048996,-0.20181557536125183,-0.6277602314949036,-0.6716482043266296,-0.44191598892211914,-0.19306454062461853,0.0012331464095041156,0.17669042944908142,0.2490968406200409,0.21857012808322906,0.10144281387329102,-0.12390413135290146,-0.46298742294311523,-0.7566799521446228,-0.9498331546783447,-1.0725783109664917,-1.0851994752883911,-1.018690586090088,-0.7959710955619812,-0.2409568727016449,0.6373211741447449,1.246100664138794,1.185385823249817,0.8266803622245789,0.6788008809089661,0.7865723371505737,0.9455600380897522,1.0353554487228394,1.1006358861923218,1.101531982421875,1.0410659313201904,0.9014121890068054,0.5790119171142578,-0.05500056967139244,-0.644519031047821,-0.770449161529541,-0.5326409339904785
-0.19038376212120056,-0.1841639280319214,-0.19108186662197113,-0.24131935834884644,-0.36185896396636963,-0.5233097076416016,-0.6797977089881897,-0.8525906205177307,-0.9919612407684326,-1.045301079750061,-1.0335280895233154,-0.928591787815094,-0.6639105081558228,-0.322970986366272,-0.0853150337934494,0.07306098937988281,0.12142251431941986,-0.03360062837600708,-0.3769851326942444,-0.6932836771011353,-0.9095504283905029,-1.06532621383667,-1.1031694412231445,-1.0422016382217407,-0.8408545851707458,-0.38044553995132446,0.3361542820930481,0.8726842403411865,0.948996901512146,0.8191030025482178,0.8087531328201294,0.9648739695549011,1.107701301574707,1.0844391584396362,0.9342197179794312,0.7966233491897583,0.773818850517273,0.7677212953567505,0.6146756410598755,0.24352329969406128,-0.1331048607826233,-0.29509568214416504,-0.30013468861579895
