src/assets/data/2021-04-24.json
{"header": { "parameterNumberName": "northward_wind", "parameterUnit": "m.s-1", "parameterNumber": 3, "parameterCategory": 2, "nx": 124, "ny": 124, "numberPoints": 15376, "dx": 0.1858516129032258, "dy": 0.17743435483870967, "la1": 26.9247, "lo1": 90.9384, "la2": 4.92284, "lo2": 113.984, "refTime": "2021-04-{dd_th} 07:00:00" }, "data":
[rows 19 to 37 of 124, columns 43 to 85 of 124]
-0.05742136389017105,-0.02963542938232422,-0.040090352296829224,0.03811977431178093,0.17365005612373352,0.4310413897037506,0.9825860261917114,1.8278359174728394,2.415330171585083,2.365774393081665,2.0106399059295654,1.7998491525650024,1.7203192710876465,1.7514358758926392,2.00579833984375,2.485970973968506,2.8273637294769287,2.786957025527954,2.5690131187438965,2.4475812911987305,2.5309603214263916,2.515535831451416,2.0225038528442383,1.0958707332611084,0.42135176062583923,0.3936859369277954,0.7125481367111206,1.1209876537322998,1.6827528476715088,2.2621846199035645,2.6437125205993652,2.8817250728607178,3.0902318954467773,3.3514339923858643,3.593031167984009,3.6882269382476807,3.5928571224212646,3.425856113433838,3.283139705657959,3.1238369941711426,3.0395243167877197,3.0911784172058105,3.2337772846221924
0.37850168347358704,0.3355030417442322,0.17950892448425293,0.1365305334329605,0.17693135142326355,0.34742534160614014,0.8160083293914795,1.5815997123718262,2.1128089427948,2.0655696392059326,1.7316454648971558,1.4624218940734863,1.2027610540390015,1.0520061254501343,1.2444572448730469,1.7506606578826904,2.136094331741333,2.12906551361084,1.9521609544754028,1.8767563104629517,2.016885757446289,2.0546791553497314,1.5946406126022339,0.6856659054756165,0.0174533911049366,-0.03670720010995865,0.2505723834037781,0.7124935388565063,1.4682104587554932,2.2351884841918945,2.63088059425354,2.7442574501037598,2.842064142227173,3.08066725730896,3.337824583053589,3.474968671798706,3.4691758155822754,3.387894630432129,3.2583303451538086,3.053280830383301,2.9262943267822266,2.9585752487182617,3.0973212718963623
0.9225485324859619,0.9887200593948364,0.9138659238815308,0.8325744867324829,0.7083561420440674,0.618140459060669,0.6997893452644348,0.9300112724304199,1.0917818546295166,1.0649752616882324,0.9437373876571655,0.7989845871925354,0.5528126955032349,0.3968859314918518,0.6227736473083496,1.1888952255249023,1.600417137145996,1.5282604694366455,1.251441478729248,1.1490039825439453,1.3142929077148438,1.4704501628875732,1.3361114263534546,0.9623757600784302,0.6947881579399109,0.7042479515075684,0.8726898431777954,1.170437216758728,1.7011305093765259,2.208362340927124,2.3493027687072754,2.187539577484131,2.0998356342315674,2.3081283569335938,2.6425580978393555,2.9365673065185547,3.2243123054504395,3.4346163272857666,3.424654483795166,3.2120282649993896,3.0139219760894775,2.9151201248168945,2.873567819595337
1.3554661273956299,1.596217155456543,1.7176132202148438,1.6545244455337524,1.3514955043792725,0.9618619084358215,0.6190686225891113,0.266148179769516,0.02955196425318718,0.03165657818317413,0.15405096113681793,0.17407479882240295,0.003955257125198841,-0.10388907045125961,0.156675785779953,0.74120032787323,1.1374969482421875,0.9756051898002625,0.5817587375640869,0.45268964767456055,0.662464439868927,0.9705924987792969,1.2124953269958496,1.4452446699142456,1.6291594505310059,1.7111890316009521,1.7427858114242554,1.8355021476745605,2.063485622406006,2.231030225753784,2.0773067474365234,1.6298824548721313,1.352895975112915,1.5257099866867065,1.9351032972335815,2.3795361518859863,2.9427990913391113,3.434011459350586,3.566634178161621,3.4006192684173584,3.1703124046325684,2.9388694763183594,2.6924638748168945
1.3113658428192139,1.7113254070281982,2.111328363418579,2.1456313133239746,1.7171392440795898,1.128308892250061,0.6037030220031738,0.04622192680835724,-0.31930145621299744,-0.2859421968460083,-0.0507068857550621,0.03610830754041672,-0.11233939230442047,-0.23063106834888458,-0.03178046643733978,0.4386434853076935,0.7368190884590149,0.511299729347229,0.08449345082044601,0.005557469092309475,0.37244465947151184,0.8785359859466553,1.3090633153915405,1.7468979358673096,2.0655810832977295,2.14398193359375,2.092282772064209,2.1109495162963867,2.283587694168091,2.382620096206665,2.1172890663146973,1.5148701667785645,1.122248649597168,1.2758588790893555,1.7158576250076294,2.17618465423584,2.720442533493042,3.212639093399048,3.4334194660186768,3.438037872314453,3.329423666000366,3.0884251594543457,2.7638635635375977
0.816125750541687,1.4002920389175415,2.216752529144287,2.4471869468688965,1.925102710723877,1.1949357986450195,0.6729115843772888,0.20853859186172485,-0.06972076743841171,0.006976127624511719,0.2662268280982971,0.3547894060611725,0.19902576506137848,0.03078116476535797,0.07731766998767853,0.29547131061553955,0.3997329771518707,0.11112528294324875,-0.29478147625923157,-0.25528645515441895,0.3951970934867859,1.177146315574646,1.6665151119232178,1.9952930212020874,2.195201873779297,2.2023777961730957,2.097595453262329,2.134006977081299,2.4361743927001953,2.669224262237549,2.4204204082489014,1.7443903684616089,1.281785011291504,1.4400849342346191,1.8969175815582275,2.270852565765381,2.5377039909362793,2.7871546745300293,3.0717742443084717,3.399017810821533,3.5751309394836426,3.422455072402954,3.100670099258423
0.35133278369903564,1.0413936376571655,2.133762836456299,2.5013413429260254,1.929567575454712,1.1298500299453735,0.6588214635848999,0.33170953392982483,0.1591339260339737,0.24322938919067383,0.4658915400505066,0.5327956080436707,0.390381783246994,0.21179498732089996,0.15022580325603485,0.1706869751214981,0.13562071323394775,-0.1495717465877533,-0.474648654460907,-0.3302191197872162,0.4846164584159851,1.4064667224884033,1.890181064605713,2.0912349224090576,2.1768205165863037,2.1412625312805176,2.029871940612793,2.113462448120117,2.542083740234375,2.915487289428711,2.7547576427459717,2.1377086639404297,1.6846861839294434,1.7885997295379639,2.1376893520355225,2.3517160415649414,2.3462140560150146,2.3594937324523926,2.636758327484131,3.148341417312622,3.5169472694396973,3.485485792160034,3.2601423263549805
0.24772676825523376,0.8696616888046265,1.8673030138015747,2.187887191772461,1.6282546520233154,0.8600598573684692,0.41748255491256714,0.12784525752067566,-0.04401685297489166,-0.051692232489585876,0.04484167695045471,0.07588659226894379,0.019919760525226593,-0.04728004336357117,-0.06746052205562592,-0.05406004935503006,-0.05813641473650932,-0.18654346466064453,-0.3171466886997223,-0.1276479810476303,0.5170807838439941,1.2402417659759521,1.677358627319336,1.9351999759674072,2.100486993789673,2.1437368392944336,2.120054244995117,2.261758804321289,2.6865882873535156,3.0786638259887695,3.0886785984039307,2.789931535720825,2.4938206672668457,2.3552238941192627,2.2676210403442383,2.1836998462677,2.068293571472168,2.011873960494995,2.133484363555908,2.419837236404419,2.678640365600586,2.809680223464966,2.8805429935455322
0.2993896007537842,0.7429496049880981,1.4251773357391357,1.5955783128738403,1.0973260402679443,0.4405037760734558,0.044792357832193375,-0.22189277410507202,-0.4221378564834595,-0.5739050507545471,-0.6642490029335022,-0.685504138469696,-0.6208401918411255,-0.5144404172897339,-0.4127083122730255,-0.30062609910964966,-0.1777033507823944,-0.059667252004146576,0.0727284699678421,0.2739322781562805,0.5592629909515381,0.8840819597244263,1.2217488288879395,1.590298056602478,1.9051450490951538,2.0833029747009277,2.203312873840332,2.421046733856201,2.79350209236145,3.163771390914917,3.409672260284424,3.587766647338867,3.543302536010742,3.073169231414795,2.3797388076782227,1.9210116863250732,1.7652230262756348,1.7079514265060425,1.5839505195617676,1.4214928150177002,1.407186508178711,1.7237402200698853,2.2008705139160156
0.27215760946273804,0.5465471744537354,0.9378011226654053,0.9810265302658081,0.5642201900482178,0.04207918420433998,-0.2783066928386688,-0.49025940895080566,-0.672071099281311,-0.8769117593765259,-1.0531269311904907,-1.1044387817382812,-1.0060698986053467,-0.8333156108856201,-0.6471580266952515,-0.4257340133190155,-0.18822132050991058,0.07952098548412323,0.3526473343372345,0.5327534079551697,0.56500244140625,0.5988370180130005,0.8002656102180481,1.1327074766159058,1.4495912790298462,1.6523317098617554,1.8246628046035767,2.0900397300720215,2.4865009784698486,2.9075541496276855,3.308739423751831,3.7455625534057617,3.8639020919799805,3.3139169216156006,2.42181396484375,1.8352335691452026,1.6639918088912964,1.5861473083496094,1.315834403038025,0.8957360982894897,0.6995505094528198,1.0452550649642944,1.6509017944335938
0.0824342593550682,0.19898062944412231,0.3387430012226105,0.29569804668426514,0.0016628503799438477,-0.3378291130065918,-0.5293095707893372,-0.629025399684906,-0.7111889123916626,-0.8133662939071655,-0.9050677418708801,-0.9582663774490356,-0.9988201856613159,-0.9636577367782593,-0.7537412643432617,-0.38210776448249817,-0.026975873857736588,0.2461472451686859,0.4701598286628723,0.5791015625,0.5293040871620178,0.4384680688381195,0.42677024006843567,0.4587455093860626,0.5081784725189209,0.5154515504837036,0.5499889850616455,0.8102965950965881,1.4006712436676025,2.041984796524048,2.4727799892425537,2.7833755016326904,2.9044697284698486,2.7206573486328125,2.3484010696411133,2.0567588806152344,1.8799593448638916,1.7123576402664185,1.4593651294708252,1.1246888637542725,0.9170736074447632,1.024641513824463,1.2785325050354004
-0.13609528541564941,-0.15889109671115875,-0.2363007515668869,-0.3462483286857605,-0.5184211730957031,-0.6784173846244812,-0.7332607507705688,-0.7068933844566345,-0.6651808619499207,-0.6159152388572693,-0.5665770173072815,-0.6009232997894287,-0.8051152229309082,-0.9476156830787659,-0.7424598932266235,-0.24458569288253784,0.1925591379404068,0.39793407917022705,0.4908967614173889,0.5107576251029968,0.45709389448165894,0.3268168866634369,0.10116298496723175,-0.23177209496498108,-0.5127560496330261,-0.7326686382293701,-0.8564146757125854,-0.6130554676055908,0.17903253436088562,1.0406444072723389,1.4455630779266357,1.5198975801467896,1.598871111869812,1.8977982997894287,2.2389235496520996,2.3683619499206543,2.2196497917175293,1.9767417907714844,1.8027396202087402,1.652868628501892,1.4807417392730713,1.2723335027694702,1.0344687700271606
-0.2521022856235504,-0.3384753465652466,-0.5125228762626648,-0.6579095125198364,-0.7935323119163513,-0.885840117931366,-0.8658033609390259,-0.7474796772003174,-0.6161292195320129,-0.4825267493724823,-0.3564603328704834,-0.3469234108924866,-0.544014036655426,-0.703026294708252,-0.5279410481452942,-0.07663730531930923,0.29441535472869873,0.3922812342643738,0.36349594593048096,0.3275472819805145,0.3236128091812134,0.23970791697502136,-0.06818068772554398,-0.5885391235351562,-1.0143003463745117,-1.2442327737808228,-1.3176562786102295,-1.0527077913284302,-0.27648892998695374,0.5618401765823364,0.9396478533744812,0.9713833332061768,1.0820562839508057,1.5747272968292236,2.189943313598633,2.5132830142974854,2.460968017578125,2.2723093032836914,2.1493120193481445,2.042539358139038,1.8453776836395264,1.4820544719696045,1.0174150466918945
-0.26984119415283203,-0.3362427353858948,-0.4674963355064392,-0.6119740009307861,-0.8120962381362915,-0.9642662405967712,-0.9272929430007935,-0.732799768447876,-0.5271245241165161,-0.3612460494041443,-0.20954638719558716,-0.12496941536664963,-0.14458559453487396,-0.16671796143054962,-0.06513004004955292,0.13851787149906158,0.26404961943626404,0.17397037148475647,-0.007233433425426483,-0.06784331053495407,0.08585160225629807,0.19382330775260925,-0.05449656397104263,-0.6115356683731079,-1.0173258781433105,-1.0283596515655518,-0.8205721378326416,-0.4919576346874237,0.0287393257021904,0.5723986625671387,0.9039317965507507,1.0731048583984375,1.285649299621582,1.6948857307434082,2.1674118041992188,2.483260154724121,2.6282150745391846,2.654651165008545,2.5740630626678467,2.37934947013855,2.099464178085327,1.7356246709823608,1.2950857877731323
-0.2640089690685272,-0.29483312368392944,-0.37234437465667725,-0.505847156047821,-0.7560767531394958,-0.9634760618209839,-0.9336076974868774,-0.7125992774963379,-0.47677358984947205,-0.30607870221138,-0.14524012804031372,0.020064184442162514,0.2151656150817871,0.37326565384864807,0.4219439923763275,0.3825851380825043,0.27507373690605164,0.042408958077430725,-0.23843733966350555,-0.3199157416820526,-0.08217483758926392,0.14467769861221313,-0.030271438881754875,-0.5419358015060425,-0.8576303124427795,-0.6348366141319275,-0.1537621021270752,0.23307186365127563,0.4941804111003876,0.7408912777900696,1.0353944301605225,1.3634059429168701,1.6798858642578125,1.963802456855774,2.2290842533111572,2.4843995571136475,2.7847232818603516,2.9937241077423096,2.937554359436035,2.6502177715301514,2.2932119369506836,1.943670392036438,1.5517807006835938
-0.2892732322216034,-0.3264206349849701,-0.45285019278526306,-0.5860839486122131,-0.7607010006904602,-0.8977102041244507,-0.884170413017273,-0.7476111054420471,-0.5832626819610596,-0.4453195333480835,-0.28954070806503296,-0.060992129147052765,0.30757975578308105,0.636738121509552,0.7233842015266418,0.6191534996032715,0.45749419927597046,0.26057368516921997,0.03543022274971008,-0.0820084884762764,-0.02605588547885418,0.022339191287755966,-0.16920244693756104,-0.5735338926315308,-0.7712773084640503,-0.4573323726654053,0.10481981188058853,0.5124829411506653,0.7025123238563538,0.8700549006462097,1.1716424226760864,1.572569727897644,1.9490182399749756,2.236952781677246,2.482088804244995,2.719198703765869,3.0047097206115723,3.196655035018921,3.12280535697937,2.8191466331481934,2.4268712997436523,1.9898205995559692,1.4926280975341797
-0.3230876326560974,-0.3848501145839691,-0.6166009902954102,-0.7512563467025757,-0.7680686712265015,-0.7571753859519958,-0.77695232629776,-0.8149698376655579,-0.8044264316558838,-0.7363539338111877,-0.6038452386856079,-0.3199537396430969,0.21767841279506683,0.7355285286903381,0.9238578081130981,0.8608684539794922,0.7551591396331787,0.7194747924804688,0.6655710935592651,0.5050318241119385,0.18919368088245392,-0.14919082820415497,-0.4043211340904236,-0.6281366348266602,-0.6594067811965942,-0.32925093173980713,0.20035693049430847,0.6059545874595642,0.8335181474685669,1.0480810403823853,1.3868427276611328,1.8202314376831055,2.23246693611145,2.5826902389526367,2.8899965286254883,3.1114206314086914,3.2652745246887207,3.3097543716430664,3.1851627826690674,2.9062108993530273,2.503492832183838,1.92268705368042,1.2373778820037842
-0.33249348402023315,-0.3991726338863373,-0.7065560221672058,-0.8431269526481628,-0.7512335777282715,-0.6367026567459106,-0.6730185747146606,-0.8219108581542969,-0.8978646993637085,-0.835214376449585,-0.6676723957061768,-0.32282763719558716,0.3143088221549988,0.9395027756690979,1.2015269994735718,1.1878445148468018,1.1462973356246948,1.259925365447998,1.3617397546768188,1.1585934162139893,0.49447110295295715,-0.20399285852909088,-0.5093579292297363,-0.5461941361427307,-0.4218222200870514,-0.12051188200712204,0.31508415937423706,0.6831408143043518,0.9473676681518555,1.2172232866287231,1.5916262865066528,2.0530431270599365,2.485666036605835,2.862414598464966,3.184587001800537,3.3481860160827637,3.3266959190368652,3.193723440170288,3.0245437622070312,2.8074333667755127,2.447840690612793,1.803428292274475,1.0206269025802612
-0.28997471928596497,-0.3276810050010681,-0.6527230143547058,-0.7952779531478882,-0.7026494145393372,-0.5756245255470276,-0.5706431269645691,-0.6541646122932434,-0.6494459509849548,-0.4749205708503723,-0.18709902465343475,0.212624192237854,0.8102729320526123,1.3849622011184692,1.6671292781829834,1.721494436264038,1.7606780529022217,1.9952620267868042,2.2144546508789062,1.9618690013885498,0.9861180782318115,-0.02705351822078228,-0.3560018539428711,-0.18690480291843414,0.08431535214185715,0.2952239215373993,0.5473706126213074,0.8136672377586365,1.0814788341522217,1.3849642276763916,1.7767062187194824,2.256762981414795,2.6835532188415527,3.0242395401000977,3.2786684036254883,3.3037326335906982,3.011608362197876,2.6302490234375,2.4209747314453125,2.3324999809265137,2.1233267784118652,1.5953369140625,0.9233911037445068
