src/assets/data/2021-04-26.json
{"header": { "parameterNumberName": "northward_wind", "parameterUnit": "m.s-1", "parameterNumber": 3, "parameterCategory": 2, "nx": 124, "ny": 124, "numberPoints": 15376, "dx": 0.1858516129032258, "dy": 0.17743435483870967, "la1": 26.9247, "lo1": 90.9384, "la2": 4.92284, "lo2": 113.984, "refTime": "2021-04-{dd_th} 07:00:00" }, "data":
[rows 0 to 18 of 124, columns 0 to 42 of 124]
3.263723373413086,3.2683420181274414,3.3301165103912354,3.3566298484802246,3.2924962043762207,3.1908915042877197,3.1187868118286133,3.0827078819274902,3.049994468688965,2.9954891204833984,2.9266743659973145,2.862628698348999,2.8823070526123047,2.881237030029297,2.60052227973938,1.9524787664413452,1.230370283126831,0.7003927230834961,0.2748391330242157,-0.11549283564090729,-0.48157745599746704,-0.8236995339393616,-1.2028379440307617,-1.7500009536743164,-2.09775972366333,-1.7837433815002441,-0.9132589101791382,-0.1101081520318985,0.3566679358482361,0.6779057383537292,0.8752616047859192,0.9313960075378418,0.8891865015029907,0.7630128860473633,0.5272148847579956,0.40661635994911194,0.5854571461677551,0.8843151330947876,1.0083833932876587,0.9335449934005737,0.767837643623352,0.5790050029754639,0.34769782423973083
3.1689705848693848,3.1833114624023438,3.3424458503723145,3.4424166679382324,3.3738508224487305,3.236314535140991,3.131035804748535,3.0459375381469727,2.993103504180908,3.0224030017852783,3.12689471244812,3.166851282119751,3.113156318664551,2.967280864715576,2.6190850734710693,1.9872311353683472,1.3180299997329712,0.8530761003494263,0.5127779245376587,0.23419664800167084,0.021824877709150314,-0.14440728724002838,-0.3653091788291931,-0.7279633283615112,-0.9771865010261536,-0.8202579617500305,-0.3312422037124634,0.17951881885528564,0.6239089965820312,1.0362592935562134,1.2709681987762451,1.301553726196289,1.2231030464172363,1.0782074928283691,0.8329800367355347,0.6973279118537903,0.8557259440422058,1.124610424041748,1.1842336654663086,0.9868434071540833,0.7066835761070251,0.49167025089263916,0.3052600920200348
3.1025872230529785,3.141702651977539,3.2960987091064453,3.38665509223938,3.3088417053222656,3.1613974571228027,3.0585460662841797,2.9871344566345215,2.9594688415527344,3.041400909423828,3.22708797454834,3.289144277572632,3.1046719551086426,2.7805252075195312,2.408262014389038,1.940589189529419,1.4899425506591797,1.1941546201705933,1.0097459554672241,0.8774208426475525,0.8142120838165283,0.7821615934371948,0.6345846652984619,0.29327765107154846,-0.002391776069998741,-0.0005013756453990936,0.22924412786960602,0.4878878891468048,0.6889748573303223,0.8960791230201721,1.137082815170288,1.4687308073043823,1.7342480421066284,1.7403020858764648,1.5312623977661133,1.3394110202789307,1.2894476652145386,1.2795603275299072,1.2219758033752441,1.1344847679138184,0.9832327961921692,0.7128190994262695,0.33884096145629883
3.0602810382843018,3.11527943611145,3.2115142345428467,3.253225564956665,3.169816017150879,3.033818244934082,2.9516208171844482,2.9161243438720703,2.9243621826171875,3.031172275543213,3.2373621463775635,3.280362606048584,2.9692490100860596,2.4950194358825684,2.137446403503418,1.8923760652542114,1.715935468673706,1.6153064966201782,1.5915017127990723,1.6016910076141357,1.6803914308547974,1.7682137489318848,1.6714224815368652,1.3154423236846924,0.938321053981781,0.7695576548576355,0.739563524723053,0.7366310358047485,0.6498552560806274,0.6006327867507935,0.8485693335533142,1.5506179332733154,2.242968797683716,2.4502909183502197,2.3117787837982178,2.072524309158325,1.7730878591537476,1.422201156616211,1.2335221767425537,1.3143147230148315,1.3489413261413574,1.000382661819458,0.3542613983154297
3.078073024749756,3.092512369155884,3.101806879043579,3.087405204772949,3.0258336067199707,2.9444127082824707,2.894315004348755,2.872798442840576,2.876555919647217,2.9398603439331055,3.0651261806488037,3.063601493835449,2.780043840408325,2.3766186237335205,2.118272304534912,2.018778085708618,1.9877125024795532,1.9748029708862305,1.9970139265060425,2.062603235244751,2.239978551864624,2.4370651245117188,2.4180893898010254,2.1368660926818848,1.7618579864501953,1.4055134057998657,1.0165435075759888,0.7367165684700012,0.5924890637397766,0.5911189913749695,0.8919664621353149,1.6578888893127441,2.4258456230163574,2.714059591293335,2.669893741607666,2.4737467765808105,2.112415313720703,1.647213101387024,1.3809603452682495,1.4418429136276245,1.4455201625823975,0.9801799058914185,0.14476673305034637
3.1800827980041504,3.0766031742095947,2.9431252479553223,2.8505096435546875,2.850130081176758,2.889927864074707,2.895561695098877,2.869215965270996,2.8207483291625977,2.7409939765930176,2.6295666694641113,2.53354811668396,2.4773850440979004,2.440408945083618,2.4062423706054688,2.3771610260009766,2.350132942199707,2.3021020889282227,2.2319135665893555,2.251774787902832,2.493295669555664,2.8082356452941895,2.908658266067505,2.8104441165924072,2.522706985473633,1.9078468084335327,0.9564132690429688,0.32033294439315796,0.3890570104122162,0.8230966329574585,1.2596067190170288,1.755281686782837,2.2181777954101562,2.493833303451538,2.636472702026367,2.628312110900879,2.4067089557647705,2.047013282775879,1.7366119623184204,1.5482242107391357,1.2614481449127197,0.6204363107681274,-0.3259674608707428
3.2683119773864746,3.0622599124908447,2.8092730045318604,2.6508827209472656,2.6998023986816406,2.8382792472839355,2.8856217861175537,2.8460886478424072,2.7465739250183105,2.5480260848999023,2.245732307434082,2.0799930095672607,2.226828098297119,2.5098283290863037,2.667506217956543,2.6916017532348633,2.6566550731658936,2.5655860900878906,2.401092767715454,2.360692024230957,2.619816541671753,2.99520206451416,3.184373617172241,3.2548413276672363,3.0779216289520264,2.315154790878296,0.9938791394233704,0.1394808441400528,0.427024781703949,1.236041784286499,1.7462646961212158,1.9085115194320679,1.9904444217681885,2.150949716567993,2.34789776802063,2.451657772064209,2.4157443046569824,2.267151355743408,1.9812995195388794,1.569197654724121,1.005395531654358,0.20532214641571045,-0.8377960324287415
3.257857084274292,3.0519676208496094,2.7882163524627686,2.6167497634887695,2.6523337364196777,2.7762293815612793,2.8090274333953857,2.7479569911956787,2.639326810836792,2.4741930961608887,2.2423014640808105,2.117051601409912,2.2196848392486572,2.431226968765259,2.5873324871063232,2.7009291648864746,2.7688541412353516,2.7317779064178467,2.5947060585021973,2.5495738983154297,2.7412221431732178,3.0255746841430664,3.1919612884521484,3.306386947631836,3.227586269378662,2.646897554397583,1.5971653461456299,0.9230533242225647,1.197931170463562,1.8868383169174194,2.2497663497924805,2.238144636154175,2.1047170162200928,1.9684994220733643,1.7776540517807007,1.6547256708145142,1.7490345239639282,1.899747371673584,1.786280632019043,1.4065773487091064,0.8142030835151672,-0.06161714717745781,-1.2440983057022095
3.1832973957061768,3.0462875366210938,2.8475701808929443,2.7002005577087402,2.679229974746704,2.7100534439086914,2.687981605529785,2.596285581588745,2.504316806793213,2.4763219356536865,2.4949774742126465,2.488403081893921,2.3837103843688965,2.2625856399536133,2.2850944995880127,2.5058677196502686,2.742454767227173,2.8166794776916504,2.7809290885925293,2.7583396434783936,2.8089921474456787,2.8829917907714844,2.9442129135131836,3.0202982425689697,3.042618751525879,2.894317150115967,2.5926194190979004,2.4025495052337646,2.5244829654693604,2.7625908851623535,2.8161327838897705,2.7035558223724365,2.4252090454101562,1.833986759185791,0.9207799434661865,0.32666176557540894,0.5392065048217773,1.093654990196228,1.2751052379608154,1.095153570175171,0.630541205406189,-0.2649146318435669,-1.6096923351287842
3.0662715435028076,2.9979822635650635,2.8626346588134766,2.7402429580688477,2.6695899963378906,2.6167991161346436,2.548248529434204,2.4389455318450928,2.3661224842071533,2.43892240524292,2.6368260383605957,2.722795248031616,2.5013885498046875,2.178016424179077,2.1008899211883545,2.340123176574707,2.633305072784424,2.761000871658325,2.7951393127441406,2.797437906265259,2.767688035964966,2.7201426029205322,2.727456569671631,2.785921573638916,2.8924217224121094,3.0811915397644043,3.3549909591674805,3.5469770431518555,3.595956563949585,3.5368740558624268,3.3347220420837402,3.021132707595825,2.517120122909546,1.5996782779693604,0.2619728446006775,-0.5996538996696472,-0.32214292883872986,0.46920573711395264,0.8402813076972961,0.8170555233955383,0.4712260067462921,-0.40384578704833984,-1.817562222480774
2.898672580718994,2.8828635215759277,2.785785675048828,2.6767311096191406,2.576942205429077,2.4739346504211426,2.3778207302093506,2.2655229568481445,2.1995158195495605,2.2757441997528076,2.475771903991699,2.59637188911438,2.500363349914551,2.3217668533325195,2.2491672039031982,2.303924322128296,2.389768600463867,2.4359681606292725,2.4654674530029297,2.501068592071533,2.5432379245758057,2.5966737270355225,2.685607433319092,2.797776937484741,2.9621284008026123,3.243187427520752,3.6363282203674316,3.939436912536621,4.1311140060424805,4.182941436767578,3.851090431213379,3.03831148147583,2.045745849609375,1.0641920566558838,-0.021052245050668716,-0.6711221933364868,-0.41156673431396484,0.2867264449596405,0.6302158832550049,0.6579899787902832,0.38596874475479126,-0.41371458768844604,-1.734745979309082
2.6970057487487793,2.725869655609131,2.6593031883239746,2.562368869781494,2.4450201988220215,2.3095357418060303,2.2002615928649902,2.1024599075317383,2.047894239425659,2.089176654815674,2.214416980743408,2.3351659774780273,2.4387011528015137,2.5183844566345215,2.487642288208008,2.3007941246032715,2.101043224334717,2.0196008682250977,2.010420083999634,2.0734376907348633,2.234469413757324,2.4604179859161377,2.671722650527954,2.8568310737609863,3.0616061687469482,3.333089590072632,3.6625571250915527,3.9639129638671875,4.361480236053467,4.663431644439697,4.269802093505859,2.916565418243408,1.410976767539978,0.4959685206413269,-0.07834212481975555,-0.34483635425567627,-0.1527007520198822,0.3013835847377777,0.5137032270431519,0.5325085520744324,0.30596455931663513,-0.38894569873809814,-1.5305594205856323
2.5071074962615967,2.5470244884490967,2.4906468391418457,2.403151273727417,2.290161371231079,2.1602566242218018,2.0761284828186035,2.038759231567383,2.0319411754608154,2.0485432147979736,2.090733528137207,2.1633379459381104,2.3176748752593994,2.4838414192199707,2.4836599826812744,2.261343479156494,2.0061123371124268,1.8769915103912354,1.8160008192062378,1.849434494972229,2.0226428508758545,2.2838451862335205,2.5286097526550293,2.7520313262939453,2.9864094257354736,3.2523393630981445,3.5454204082489014,3.8346829414367676,4.293588161468506,4.679471492767334,4.296600818634033,2.8361687660217285,1.2413491010665894,0.41434264183044434,0.07197632640600204,-0.04532444477081299,0.07400514930486679,0.35545796155929565,0.4400225579738617,0.3588182330131531,0.08353936672210693,-0.5416464805603027,-1.5062692165374756
2.327820062637329,2.317254066467285,2.2189769744873047,2.1205148696899414,2.039562463760376,1.9743032455444336,1.984226942062378,2.1023573875427246,2.2234206199645996,2.237368106842041,2.1764776706695557,2.130199432373047,2.144352912902832,2.1790246963500977,2.1986162662506104,2.213984966278076,2.202211856842041,2.1128666400909424,1.9522082805633545,1.8591023683547974,1.9032444953918457,2.028286933898926,2.197153091430664,2.421196937561035,2.676257610321045,2.9374747276306152,3.216958522796631,3.4746475219726562,3.819866895675659,4.093072891235352,3.819408893585205,2.795448064804077,1.6452479362487793,0.9484577178955078,0.5145045518875122,0.27021101117134094,0.3089694678783417,0.4957883358001709,0.43918007612228394,0.11339427530765533,-0.35471293330192566,-0.9541415572166443,-1.7244138717651367
2.149441957473755,2.114412784576416,2.016934871673584,1.93837308883667,1.8975753784179688,1.8898166418075562,1.967961311340332,2.1874349117279053,2.381636619567871,2.36740779876709,2.197788953781128,2.0304300785064697,1.898400902748108,1.7976526021957397,1.838577389717102,2.0970215797424316,2.3418169021606445,2.3221359252929688,2.1077308654785156,1.9204987287521362,1.8374632596969604,1.8126658201217651,1.8920607566833496,2.103238105773926,2.3627963066101074,2.5992960929870605,2.841251850128174,3.0451560020446777,3.2485742568969727,3.3869833946228027,3.2449724674224854,2.7480032444000244,2.1315999031066895,1.5784698724746704,1.0106152296066284,0.5992082357406616,0.544015109539032,0.6324174404144287,0.43922558426856995,-0.11289522051811218,-0.7557137608528137,-1.329364538192749,-1.9194594621658325
1.961279273033142,2.046485185623169,2.1368775367736816,2.196629047393799,2.193589687347412,2.1625399589538574,2.1668052673339844,2.241121768951416,2.274592638015747,2.13680100440979,1.859675407409668,1.6307594776153564,1.5171968936920166,1.47705078125,1.5489463806152344,1.793039083480835,2.0356669425964355,2.0871376991271973,2.0034210681915283,1.913259506225586,1.8423537015914917,1.7892605066299438,1.8449223041534424,2.0420470237731934,2.2751426696777344,2.44942307472229,2.5968284606933594,2.726959705352783,2.883589744567871,3.008761167526245,2.951467514038086,2.6834516525268555,2.30548095703125,1.8684961795806885,1.3378143310546875,0.9013303518295288,0.729688286781311,0.6514849066734314,0.35803326964378357,-0.22587072849273682,-0.8551431894302368,-1.372218132019043,-1.8607217073440552
1.7627284526824951,2.090106964111328,2.532594680786133,2.8381009101867676,2.8782262802124023,2.7633602619171143,2.5789761543273926,2.303682804107666,1.979040265083313,1.630734920501709,1.2350581884384155,0.9797086715698242,0.9996856451034546,1.1615617275238037,1.2729226350784302,1.3188679218292236,1.378596544265747,1.5181751251220703,1.723345160484314,1.8856751918792725,1.9273139238357544,1.9247653484344482,1.9962005615234375,2.1717286109924316,2.3479840755462646,2.4217734336853027,2.419287919998169,2.4490816593170166,2.6147501468658447,2.806069850921631,2.814281940460205,2.610198497772217,2.306644916534424,1.9751617908477783,1.5850027799606323,1.2054921388626099,0.8925480842590332,0.593268871307373,0.22326123714447021,-0.2502283453941345,-0.728015661239624,-1.170462727546692,-1.6237633228302002
1.6048197746276855,2.0647521018981934,2.6866352558135986,3.1081831455230713,3.151451587677002,2.965977907180786,2.6478824615478516,2.1354572772979736,1.5809071063995361,1.1280522346496582,0.7139028906822205,0.4898645579814911,0.6178039312362671,0.9186578989028931,1.0576002597808838,0.9691938757896423,0.9002898335456848,1.0857551097869873,1.4637041091918945,1.784671425819397,1.9141733646392822,1.9685860872268677,2.0664007663726807,2.2345433235168457,2.378249406814575,2.394620895385742,2.3048205375671387,2.2737209796905518,2.442079544067383,2.665811061859131,2.691098213195801,2.4757893085479736,2.1749255657196045,1.9152764081954956,1.658918857574463,1.3492697477340698,0.934852123260498,0.47000598907470703,0.05953848361968994,-0.2942557632923126,-0.6132497787475586,-0.9452345967292786,-1.302358865737915
1.5443623065948486,1.8636972904205322,2.2439706325531006,2.469754219055176,2.4260106086730957,2.214183807373047,1.9173438549041748,1.4791536331176758,1.0395808219909668,0.7454200983047485,0.5411849021911621,0.4678446054458618,0.6099340319633484,0.8642804622650146,1.0064873695373535,0.9984392523765564,0.9897264242172241,1.1135308742523193,1.332526445388794,1.5323412418365479,1.6483919620513916,1.7384692430496216,1.87167489528656,2.0765180587768555,2.2628962993621826,2.331044912338257,2.3047757148742676,2.306292772293091,2.4514262676239014,2.6174495220184326,2.569088935852051,2.241758346557617,1.847583293914795,1.5909976959228516,1.4169267416000366,1.168199896812439,0.7240533232688904,0.20314675569534302,-0.1966528296470642,-0.46824032068252563,-0.6601758003234863,-0.7986254692077637,-0.8809695839881897
