src/assets/data/2021-04-20.json
{"header": { "parameterNumberName": "eastward_wind", "parameterUnit": "m.s-1", "parameterNumber": 2, "parameterCategory": 2, "nx": 124, "ny": 124, "numberPoints": 15376, "dx": 0.1858516129032258, "dy": 0.17743435483870967, "la1": 26.9247, "lo1": 90.9384, "la2": 4.92284, "lo2": 113.984, "refTime": "2021-04-{dd_th} 07:00:00" }, "data":
[rows 76 to 94 of 124, columns 0 to 42 of 124]
4.1563334465026855,4.090146541595459,3.993236541748047,3.9068660736083984,3.9016542434692383,4.004939079284668,4.016217231750488,3.7626233100891113,3.344393491744995,2.9433751106262207,2.557361602783203,2.212608814239502,2.040898561477661,2.0911240577697754,2.0105466842651367,1.4533616304397583,0.624221920967102,0.029980666935443878,-0.21232014894485474,-0.26163750886917114,-0.13944508135318756,0.2674838900566101,0.4710993766784668,-0.06105714291334152,-1.016451120376587,-1.5199100971221924,-1.167402744293213,-0.6050764918327332,-0.5764475464820862,-1.0795429944992065,-1.464043378829956,-1.2041144371032715,-0.5866653323173523,-0.16660261154174805,-0.11445701122283936,-0.1905096471309662,-0.233821302652359,-0.31531837582588196,-0.2666619122028351,0.16353163123130798,0.8286793231964111,1.1698226928710938,0.9124561548233032
4.135132312774658,4.029872417449951,3.9557387828826904,3.911283016204834,3.9284589290618896,4.044733047485352,4.051452159881592,3.751816987991333,3.262809991836548,2.8388869762420654,2.5234384536743164,2.263021469116211,2.0906505584716797,2.0640780925750732,1.8860564231872559,1.209259271621704,0.24788013100624084,-0.3344600200653076,-0.27876144647598267,0.004093674011528492,0.13272418081760406,0.20925961434841156,0.12975357472896576,-0.33497804403305054,-1.0389091968536377,-1.3820135593414307,-1.047776699066162,-0.5537422895431519,-0.5382784605026245,-1.0146158933639526,-1.3589324951171875,-1.0485801696777344,-0.37060096859931946,0.08408553153276443,0.14184771478176117,0.04289792478084564,-0.07115638256072998,-0.2855199873447418,-0.35421496629714966,0.03634947910904884,0.7076619863510132,1.066411018371582,0.8316967487335205
4.182284832000732,4.057382106781006,4.008567810058594,3.990966796875,3.9796862602233887,4.011482238769531,3.9390456676483154,3.598055839538574,3.0904269218444824,2.6977930068969727,2.4987008571624756,2.374833106994629,2.2723183631896973,2.2647171020507812,2.0668206214904785,1.2975873947143555,0.19783008098602295,-0.40031200647354126,-0.12175308912992477,0.4218251705169678,0.5844742655754089,0.47293126583099365,0.20832914113998413,-0.2668532133102417,-0.900640606880188,-1.2460277080535889,-1.0704541206359863,-0.7530080676078796,-0.7632709741592407,-1.1227203607559204,-1.3209593296051025,-0.889508843421936,-0.09172135591506958,0.41372811794281006,0.4093480110168457,0.20741143822669983,0.040983572602272034,-0.18001963198184967,-0.266002357006073,0.04343506321310997,0.5997823476791382,0.9038837552070618,0.7242893576622009
4.2736005783081055,4.130843639373779,4.110979080200195,4.116899490356445,4.0481414794921875,3.9354686737060547,3.736833333969116,3.356337070465088,2.8603382110595703,2.525221586227417,2.4570298194885254,2.483548402786255,2.4697940349578857,2.503770589828491,2.312955617904663,1.4915674924850464,0.30032801628112793,-0.29838624596595764,0.1571306735277176,0.9059560894966125,1.1107865571975708,0.8886967301368713,0.4921830892562866,-0.04286450520157814,-0.7149888873100281,-1.1487071514129639,-1.1838797330856323,-1.0719029903411865,-1.0982484817504883,-1.2852364778518677,-1.2819582223892212,-0.7078138589859009,0.21465547382831573,0.7673671841621399,0.6813831925392151,0.3563775420188904,0.14737485349178314,-0.03587910905480385,-0.10617385059595108,0.1015586107969284,0.49169519543647766,0.7127089500427246,0.6090865731239319
4.383843898773193,4.209857940673828,4.226071357727051,4.266374111175537,4.134204387664795,3.8535258769989014,3.512300968170166,3.113632917404175,2.6683249473571777,2.37802791595459,2.3447039127349854,2.3951008319854736,2.3604331016540527,2.3168673515319824,2.079113483428955,1.3130106925964355,0.23939476907253265,-0.23981782793998718,0.34786033630371094,1.213045597076416,1.4524034261703491,1.1865904331207275,0.7133635878562927,0.08590345829725266,-0.7006199359893799,-1.2252717018127441,-1.3288195133209229,-1.2545599937438965,-1.2543448209762573,-1.3434897661209106,-1.2316070795059204,-0.5712747573852539,0.42969566583633423,1.0164141654968262,0.8952053785324097,0.5065835118293762,0.25776076316833496,0.055224500596523285,-0.04395096004009247,0.09113168716430664,0.3849133253097534,0.5654453635215759,0.5264859795570374
4.489818572998047,4.243327617645264,4.32330846786499,4.4391984939575195,4.229694843292236,3.7088241577148438,3.1793341636657715,2.833707094192505,2.5702004432678223,2.3451521396636963,2.1906590461730957,2.0394506454467773,1.7758303880691528,1.413874626159668,1.0015501976013184,0.4526473879814148,-0.1595126837491989,-0.31073224544525146,0.36494776606559753,1.2336535453796387,1.5088467597961426,1.3073079586029053,0.8356808423995972,0.03395361453294754,-1.0318198204040527,-1.6686832904815674,-1.5850523710250854,-1.2377415895462036,-1.119165301322937,-1.2210379838943481,-1.143269658088684,-0.4753158688545227,0.5430178046226501,1.142500877380371,1.0393810272216797,0.6536667346954346,0.34779655933380127,0.015499256551265717,-0.1935245394706726,-0.07424856722354889,0.2593821585178375,0.4867602586746216,0.503828227519989
4.629807949066162,4.315980911254883,4.453169345855713,4.635357856750488,4.348080635070801,3.5961921215057373,2.8818089962005615,2.577378034591675,2.47334361076355,2.278728485107422,1.9470279216766357,1.5336546897888184,0.9968743324279785,0.2783810496330261,-0.31369492411613464,-0.5746412873268127,-0.606497049331665,-0.3687412440776825,0.35012540221214294,1.1499406099319458,1.4473376274108887,1.3489134311676025,0.9182672500610352,-0.05716060847043991,-1.4184495210647583,-2.1572012901306152,-1.8192094564437866,-1.1262952089309692,-0.879514753818512,-1.0450087785720825,-1.0612971782684326,-0.42756447196006775,0.57197505235672,1.176326870918274,1.1330690383911133,0.8049874305725098,0.45802026987075806,-0.025714481249451637,-0.36508065462112427,-0.25095677375793457,0.14846102893352509,0.4356642961502075,0.49558091163635254
4.867236614227295,4.567367076873779,4.696094989776611,4.8515849113464355,4.518806457519531,3.703120470046997,2.9048538208007812,2.4878525733947754,2.249072313308716,1.931046485900879,1.4900248050689697,0.9801726937294006,0.3572689890861511,-0.4604756534099579,-1.0547423362731934,-1.081651210784912,-0.7305117249488831,-0.2517848312854767,0.46194589138031006,1.1724437475204468,1.4462594985961914,1.3702242374420166,0.9573584198951721,-0.042012158781290054,-1.447244644165039,-2.1897244453430176,-1.7740800380706787,-0.9919461607933044,-0.7362539172172546,-0.9708597660064697,-1.0628732442855835,-0.4747832417488098,0.492666095495224,1.1147369146347046,1.1833715438842773,0.9836432337760925,0.6687619090080261,0.1260986030101776,-0.29044240713119507,-0.23212923109531403,0.11431467533111572,0.3724290728569031,0.4408155679702759
5.266387939453125,5.092008113861084,5.124871253967285,5.127584457397461,4.788609981536865,4.127674579620361,3.3699941635131836,2.613168954849243,1.8170826435089111,1.1447774171829224,0.6648426055908203,0.2643289864063263,-0.2026565968990326,-0.7774526476860046,-1.128392219543457,-0.9667373299598694,-0.45719319581985474,0.08930519223213196,0.730750322341919,1.315680980682373,1.5143842697143555,1.3827005624771118,0.9763401746749878,0.13400353491306305,-1.0203261375427246,-1.6554083824157715,-1.3774733543395996,-0.8182204961776733,-0.7075545787811279,-1.036985158920288,-1.1968342065811157,-0.6661279201507568,0.265411376953125,0.9340640306472778,1.1904451847076416,1.2185561656951904,1.0397368669509888,0.5702149868011475,0.1515294462442398,0.07797833532094955,0.19654735922813416,0.29800692200660706,0.3347528278827667
5.659070014953613,5.628572463989258,5.54649543762207,5.372422218322754,5.040332794189453,4.585786819458008,3.909118175506592,2.798379898071289,1.4020755290985107,0.3592234253883362,-0.13226857781410217,-0.37872350215911865,-0.6448954939842224,-0.9204189777374268,-0.9951870441436768,-0.6726652979850769,-0.07109346985816956,0.4912990629673004,1.0383678674697876,1.4829732179641724,1.578302025794983,1.3428523540496826,0.9228807687759399,0.3008529543876648,-0.4893535375595093,-0.9628399014472961,-0.8749638199806213,-0.6223461627960205,-0.6912987232208252,-1.1078743934631348,-1.3267943859100342,-0.8732719421386719,-0.009881049394607544,0.6910118460655212,1.1523586511611938,1.4358409643173218,1.408290982246399,1.0180212259292603,0.5994910001754761,0.3952648639678955,0.2845783531665802,0.22203688323497772,0.20690429210662842
5.849518775939941,5.880041122436523,5.733590126037598,5.467827796936035,5.14079475402832,4.7940778732299805,4.173120975494385,2.92521333694458,1.2834782600402832,0.08489632606506348,-0.4166284203529358,-0.6121698617935181,-0.8284300565719604,-1.0438613891601562,-1.039362907409668,-0.5936693549156189,0.15630972385406494,0.7849988341331482,1.2715811729431152,1.6006298065185547,1.5837217569351196,1.1996642351150513,0.7185642123222351,0.28051140904426575,-0.17574772238731384,-0.4741183817386627,-0.4920465648174286,-0.43709415197372437,-0.6065411567687988,-1.0459134578704834,-1.2920665740966797,-0.943530797958374,-0.22000718116760254,0.44570767879486084,1.0662758350372314,1.555501937866211,1.591973900794983,1.135865569114685,0.6298898458480835,0.3835044503211975,0.2425307333469391,0.14601975679397583,0.07684126496315002
5.861334800720215,5.877542495727539,5.702049255371094,5.41701078414917,5.122838020324707,4.864540100097656,4.328247547149658,3.1218948364257812,1.4992756843566895,0.30475914478302,-0.1998155117034912,-0.42012012004852295,-0.7149124145507812,-1.083144187927246,-1.180435299873352,-0.6613632440567017,0.2637280225753784,0.9877741932868958,1.4428298473358154,1.6804213523864746,1.5334309339523315,0.934637188911438,0.34088224172592163,0.10046098381280899,0.029439866542816162,-0.0464535616338253,-0.1377268135547638,-0.24770179390907288,-0.4702240824699402,-0.8611541986465454,-1.092322587966919,-0.8873558044433594,-0.39405471086502075,0.16573545336723328,0.927757740020752,1.6057190895080566,1.619971513748169,0.9212682247161865,0.21110865473747253,0.012043684720993042,0.05632873997092247,0.06477640569210052,-0.06810765713453293
5.789038181304932,5.77985143661499,5.600432395935059,5.314761638641357,4.994503021240234,4.671224594116211,4.123554229736328,3.0607118606567383,1.6731113195419312,0.6227452754974365,0.12618191540241241,-0.1565098762512207,-0.5607855916023254,-1.12175714969635,-1.3517831563949585,-0.7590339779853821,0.3599143326282501,1.1903036832809448,1.6100705862045288,1.747728943824768,1.4663426876068115,0.656317949295044,-0.06341440230607986,-0.17352579534053802,0.04301658272743225,0.15817014873027802,0.0799996480345726,-0.07518061250448227,-0.2969951629638672,-0.6419089436531067,-0.8714672923088074,-0.8048864603042603,-0.5337603092193604,-0.09203143417835236,0.7550897598266602,1.562978982925415,1.5561041831970215,0.6788502931594849,-0.17432020604610443,-0.31741073727607727,-0.10605315119028091,-0.005553527735173702,-0.20226019620895386
5.699210166931152,5.707236289978027,5.552860260009766,5.244958877563477,4.726913928985596,3.978067398071289,3.1533634662628174,2.3140573501586914,1.4404611587524414,0.724294900894165,0.253196120262146,-0.11934550106525421,-0.6063863635063171,-1.2925456762313843,-1.5821244716644287,-0.8462449908256531,0.5349275469779968,1.5014660358428955,1.8491240739822388,1.8323259353637695,1.4167296886444092,0.4627729654312134,-0.37143880128860474,-0.5382896065711975,-0.3331666886806488,-0.1482314169406891,-0.007968991994857788,0.0810699611902237,-0.05287747457623482,-0.4524025321006775,-0.7784605026245117,-0.803300678730011,-0.6393208503723145,-0.2681236267089844,0.5541737079620361,1.3737753629684448,1.4292981624603271,0.6852916479110718,-0.06229959428310394,-0.2144254446029663,-0.08082679659128189,-0.04915911704301834,-0.30287787318229675
5.568458557128906,5.622415542602539,5.526609420776367,5.186885356903076,4.307699203491211,2.777414321899414,1.4223074913024902,0.9199869632720947,0.8850720524787903,0.7206071615219116,0.296018123626709,-0.20690497756004333,-0.7831305265426636,-1.588338851928711,-1.9129997491836548,-0.9639828205108643,0.7768502235412598,1.928849458694458,2.170004367828369,1.9390970468521118,1.3766446113586426,0.32121390104293823,-0.6333656311035156,-1.0361998081207275,-1.1183524131774902,-0.9649692177772522,-0.386544406414032,0.24691259860992432,0.2916363477706909,-0.26649099588394165,-0.794955313205719,-0.8774298429489136,-0.723091185092926,-0.384588360786438,0.31122007966041565,1.0333443880081177,1.218419075012207,0.8728649020195007,0.4454634487628937,0.23721930384635925,0.0967499241232872,-0.07119637727737427,-0.38198599219322205
5.383023738861084,5.470770835876465,5.432028293609619,5.072208881378174,3.8742218017578125,1.6458333730697632,-0.18187575042247772,-0.3764595091342926,0.34746748208999634,0.6819997429847717,0.29015690088272095,-0.3314843475818634,-0.943941593170166,-1.7539258003234863,-2.0454440116882324,-0.9703161716461182,0.9527720808982849,2.1873879432678223,2.347658395767212,1.9746342897415161,1.3151171207427979,0.1985948532819748,-0.8390815258026123,-1.4326170682907104,-1.7572399377822876,-1.6481854915618896,-0.7602443695068359,0.2757643163204193,0.4934958219528198,-0.08964406698942184,-0.693487823009491,-0.8186838030815125,-0.7160543203353882,-0.4501984119415283,0.09185633063316345,0.6904564499855042,0.9810186624526978,1.0083897113800049,0.8883304595947266,0.6395214796066284,0.2601534128189087,-0.07812805473804474,-0.4227459132671356
5.146598815917969,5.2045722007751465,5.190488338470459,4.839563369750977,3.51885724067688,1.0040653944015503,-1.004820704460144,-1.0244165658950806,0.08053342998027802,0.6597468256950378,0.24879273772239685,-0.4497065246105194,-0.979381799697876,-1.5398495197296143,-1.6592897176742554,-0.7015684843063354,0.9376147985458374,1.9897966384887695,2.153367519378662,1.8422722816467285,1.1975491046905518,0.060903556644916534,-0.9883805513381958,-1.5463321208953857,-1.8114879131317139,-1.6958622932434082,-0.9360011219978333,-0.0182095468044281,0.31716614961624146,0.12132595479488373,-0.1740865409374237,-0.35735824704170227,-0.5243714451789856,-0.47985386848449707,-0.07273612916469574,0.4432295262813568,0.7517081499099731,0.9178446531295776,0.9294790029525757,0.7012817859649658,0.2853679358959198,-0.07608291506767273,-0.406288206577301
4.860836982727051,4.844202995300293,4.836577415466309,4.515803813934326,3.191844940185547,0.6381849646568298,-1.376542329788208,-1.2995928525924683,-0.0388321578502655,0.6330398917198181,0.166681170463562,-0.5852385759353638,-0.9412423372268677,-1.0530788898468018,-0.8877421617507935,-0.22428762912750244,0.7857687473297119,1.4580519199371338,1.6840324401855469,1.582658052444458,1.0374712944030762,-0.07929031550884247,-1.086153507232666,-1.4684780836105347,-1.4944939613342285,-1.3530056476593018,-1.0180745124816895,-0.5636609196662903,-0.13414309918880463,0.360523521900177,0.6533938646316528,0.40620023012161255,-0.18300439417362213,-0.46991094946861267,-0.20432965457439423,0.2384651005268097,0.5098162293434143,0.6854290962219238,0.7351486086845398,0.5663198232650757,0.23294797539710999,-0.06270482391119003,-0.34084951877593994
4.479586601257324,4.46510124206543,4.477030277252197,4.186446666717529,2.9033117294311523,0.405291885137558,-1.558638572692871,-1.450978398323059,-0.17126992344856262,0.5143435001373291,0.023110680282115936,-0.7266278862953186,-0.9204642176628113,-0.6638182401657104,-0.2657020092010498,0.16556182503700256,0.6723292469978333,1.0370359420776367,1.2974982261657715,1.3521993160247803,0.9047855138778687,-0.14630210399627686,-1.0700613260269165,-1.2805174589157104,-1.093916416168213,-0.9377495646476746,-0.9845107197761536,-0.9647684693336487,-0.5402226448059082,0.3896988034248352,1.0840693712234497,0.8581032752990723,0.09147549420595169,-0.36461979150772095,-0.23216521739959717,0.09070926159620285,0.28925636410713196,0.43212422728538513,0.49078142642974854,0.3930400609970093,0.17952917516231537,-0.026590578258037567,-0.25473305583000183
