src/assets/data/2021-04-24.json
{"header": { "parameterNumberName": "northward_wind", "parameterUnit": "m.s-1", "parameterNumber": 3, "parameterCategory": 2, "nx": 124, "ny": 124, "numberPoints": 15376, "dx": 0.1858516129032258, "dy": 0.17743435483870967, "la1": 26.9247, "lo1": 90.9384, "la2": 4.92284, "lo2": 113.984, "refTime": "2021-04-{dd_th} 07:00:00" }, "data":
[rows 38 to 56 of 124, columns 43 to 85 of 124]
-0.22619999945163727,-0.21257612109184265,-0.5179627537727356,-0.6656572818756104,-0.62800133228302,-0.5414561033248901,-0.48549896478652954,-0.44702649116516113,-0.2978147566318512,0.0561356320977211,0.529478907585144,0.9965330362319946,1.4950542449951172,1.9432073831558228,2.207307815551758,2.3141489028930664,2.418552875518799,2.739227771759033,3.040719509124756,2.743281841278076,1.5195709466934204,0.26098933815956116,-0.07072176784276962,0.29153138399124146,0.6847127079963684,0.771274209022522,0.7983757853507996,0.9347305297851562,1.1945250034332275,1.5267480611801147,1.9336515665054321,2.4365601539611816,2.8475053310394287,3.1070544719696045,3.233147621154785,3.082512378692627,2.5093507766723633,1.8846702575683594,1.6503674983978271,1.7168890237808228,1.699053406715393,1.3606454133987427,0.8843528032302856
-0.19441018998622894,-0.10677457600831985,-0.34291622042655945,-0.48113518953323364,-0.5194304585456848,-0.5199644565582275,-0.4989067018032074,-0.46834567189216614,-0.25805139541625977,0.2984977960586548,1.0357987880706787,1.6422209739685059,2.1314330101013184,2.505943536758423,2.681727886199951,2.6638808250427246,2.6591124534606934,2.90952467918396,3.1661386489868164,2.8619778156280518,1.6829670667648315,0.4855169653892517,0.2012154906988144,0.6113237142562866,1.0125025510787964,1.0250442028045654,0.9364523887634277,0.9942909479141235,1.2145651578903198,1.534417748451233,1.975432276725769,2.56730055809021,2.9989051818847656,3.1037371158599854,2.9959187507629395,2.7058541774749756,2.107138156890869,1.509255290031433,1.3226593732833862,1.4705760478973389,1.5428712368011475,1.2993931770324707,0.9196110963821411
-0.20449018478393555,0.0048144664615392685,-0.07464534044265747,-0.17369255423545837,-0.31994232535362244,-0.4777699112892151,-0.6116223335266113,-0.7684036493301392,-0.6044324040412903,0.20935001969337463,1.3493510484695435,2.2200675010681152,2.851287841796875,3.238340377807617,3.2029900550842285,2.755232334136963,2.3411693572998047,2.257168769836426,2.253760814666748,1.9909887313842773,1.3077261447906494,0.6485347151756287,0.49389228224754333,0.7354860305786133,0.9704685211181641,0.971152126789093,0.9139177799224854,0.9686917066574097,1.1206022500991821,1.3911547660827637,1.917737603187561,2.724597930908203,3.2366244792938232,3.033444404602051,2.466902494430542,2.050412893295288,1.7982144355773926,1.634744644165039,1.613011121749878,1.7490880489349365,1.777543544769287,1.501793622970581,1.0834039449691772
-0.22575613856315613,0.09381570667028427,0.16729006171226501,0.09962072968482971,-0.16512899100780487,-0.495339572429657,-0.8101978302001953,-1.1910121440887451,-1.103817105293274,-0.04650992900133133,1.4904698133468628,2.617237091064453,3.3761215209960938,3.7657363414764404,3.5251145362854004,2.6669745445251465,1.8623701333999634,1.4512604475021362,1.1932497024536133,0.9916692972183228,0.8491082787513733,0.7692579627037048,0.7466323375701904,0.7896549701690674,0.8389559388160706,0.8503623008728027,0.8616237044334412,0.921104907989502,0.9724571704864502,1.1521141529083252,1.7361502647399902,2.7340316772460938,3.324918508529663,2.852623701095581,1.8903090953826904,1.405082106590271,1.559157371520996,1.8761433362960815,2.0234804153442383,2.114717483520508,2.062406301498413,1.7271356582641602,1.2452484369277954
-0.24418368935585022,0.09398922324180603,0.19682493805885315,0.10107166320085526,-0.2661716639995575,-0.7198550701141357,-1.147627592086792,-1.6504992246627808,-1.6036540269851685,-0.4045622944831848,1.3538565635681152,2.571958303451538,3.248189926147461,3.519243001937866,3.239751100540161,2.388400077819824,1.6035269498825073,1.2083631753921509,0.9764658808708191,0.8309560418128967,0.7947754859924316,0.8179162740707397,0.8340712785720825,0.8665847182273865,0.896318793296814,0.9107063412666321,0.9185110330581665,0.9129041433334351,0.8031830787658691,0.8167783617973328,1.3253707885742188,2.3128273487091064,2.920301675796509,2.4744811058044434,1.5604389905929565,1.1536624431610107,1.441297173500061,1.8847804069519043,2.0745232105255127,2.1401095390319824,2.057756185531616,1.7184128761291504,1.238669991493225
-0.2801855206489563,-0.00955667719244957,0.008891601115465164,-0.17612473666667938,-0.6461743116378784,-1.1952242851257324,-1.687849521636963,-2.2336883544921875,-2.198002815246582,-0.932140588760376,0.9147385358810425,2.083655595779419,2.4713544845581055,2.495115280151367,2.3232970237731934,1.8621541261672974,1.4755531549453735,1.4110908508300781,1.4640355110168457,1.3782763481140137,1.0699031352996826,0.7788209915161133,0.7548948526382446,0.945980429649353,1.1053828001022339,1.121063232421875,1.0658092498779297,0.9242664575576782,0.570087194442749,0.32062703371047974,0.6259630918502808,1.4290032386779785,2.0100009441375732,1.8714032173156738,1.4241303205490112,1.2510216236114502,1.4587308168411255,1.7382211685180664,1.8641960620880127,1.912626028060913,1.8320720195770264,1.5219745635986328,1.0844060182571411
-0.24815085530281067,-0.04043097794055939,-0.09304507076740265,-0.3425983488559723,-0.8700733780860901,-1.472941279411316,-2.0176568031311035,-2.613769292831421,-2.6213183403015137,-1.3717819452285767,0.4615042805671692,1.547499418258667,1.709349274635315,1.56216299533844,1.5091627836227417,1.4057800769805908,1.3787251710891724,1.6076894998550415,1.9092342853546143,1.8778011798858643,1.3403003215789795,0.7785831689834595,0.7029638290405273,0.9966835379600525,1.2472171783447266,1.2757092714309692,1.195106029510498,0.9674968123435974,0.4472389817237854,0.002028582850471139,0.10611215233802795,0.672093391418457,1.1738379001617432,1.3181482553482056,1.3214585781097412,1.3613823652267456,1.460659146308899,1.549209713935852,1.5930711030960083,1.611462950706482,1.533137321472168,1.2782940864562988,0.9220621585845947
-0.03123977780342102,0.19131915271282196,0.17809273302555084,-0.048378705978393555,-0.5574266910552979,-1.1713742017745972,-1.8006072044372559,-2.5472536087036133,-2.7021617889404297,-1.582690715789795,0.13905729353427887,1.1973987817764282,1.4477585554122925,1.4143962860107422,1.4099011421203613,1.3158527612686157,1.2895891666412354,1.511819839477539,1.805030345916748,1.8066705465316772,1.3768401145935059,0.9086841344833374,0.8013507127761841,0.9561808705329895,1.115779995918274,1.2027500867843628,1.24634850025177,1.1027226448059082,0.6402558088302612,0.2013678401708603,0.1844029575586319,0.5028595924377441,0.8264575004577637,0.99937903881073,1.1247591972351074,1.2213671207427979,1.2923986911773682,1.328503966331482,1.3238611221313477,1.2812108993530273,1.1928600072860718,1.048652172088623,0.8585147857666016
0.30222561955451965,0.5767731666564941,0.6597913503646851,0.5096744298934937,0.07875482738018036,-0.5030992031097412,-1.2225126028060913,-2.166085720062256,-2.530491590499878,-1.6362119913101196,-0.12511901557445526,0.9109264612197876,1.4217073917388916,1.6680073738098145,1.684952974319458,1.4259977340698242,1.218410849571228,1.2783147096633911,1.4276354312896729,1.4503613710403442,1.3047575950622559,1.119545817375183,0.9845406413078308,0.86263507604599,0.8285541534423828,0.9986977577209473,1.251044511795044,1.2929381132125854,1.030622959136963,0.7256036996841431,0.6265362501144409,0.6677404046058655,0.7426806092262268,0.8163262605667114,0.9056634902954102,0.9771190881729126,1.041983723640442,1.0750552415847778,1.0278961658477783,0.9035883545875549,0.7993768453598022,0.8024778366088867,0.8346447944641113
0.4861280620098114,0.7732744216918945,0.9240909814834595,0.8667829632759094,0.5828379988670349,0.13020361959934235,-0.5610148906707764,-1.5507466793060303,-2.027750015258789,-1.3632956743240356,-0.13290604948997498,0.7648739814758301,1.3310238122940063,1.6714222431182861,1.682112216949463,1.3565008640289307,1.070481300354004,1.0218464136123657,1.0674067735671997,1.1367350816726685,1.276741862297058,1.3759663105010986,1.2537490129470825,0.9319811463356018,0.7297058701515198,0.8834975957870483,1.187233328819275,1.3174721002578735,1.2240527868270874,1.062307596206665,0.9340770244598389,0.8004513382911682,0.7202075123786926,0.7485502362251282,0.8368349671363831,0.9042021632194519,0.9661059975624084,0.9907931089401245,0.9040572047233582,0.7088913321495056,0.5684019327163696,0.6214935183525085,0.7460306286811829
0.38460949063301086,0.6065731644630432,0.7681460976600647,0.8199162483215332,0.7819012403488159,0.6085917949676514,0.14563292264938354,-0.62372887134552,-1.0378472805023193,-0.5965647101402283,0.245165154337883,0.7833014726638794,0.9719839096069336,1.0139871835708618,0.9771444201469421,0.8225476741790771,0.7073850631713867,0.6964256167411804,0.7548329830169678,0.9427470564842224,1.3744416236877441,1.7538244724273682,1.7112401723861694,1.320070505142212,0.9787263870239258,0.9021568894386292,0.930881142616272,0.9465864896774292,0.956475019454956,0.9534474611282349,0.8875682353973389,0.758362352848053,0.7037394046783447,0.8352270126342773,1.0548688173294067,1.1985490322113037,1.2718943357467651,1.273951768875122,1.1499888896942139,0.8980921506881714,0.6722262501716614,0.5738638639450073,0.5239931344985962
0.16438516974449158,0.29042288661003113,0.4364853799343109,0.6082839965820312,0.870442271232605,1.0537360906600952,0.9131823778152466,0.4839478135108948,0.2124919295310974,0.43408846855163574,0.8418884873390198,0.9416333436965942,0.6102967262268066,0.2236442267894745,0.1184321790933609,0.20090849697589874,0.3255583345890045,0.3890673518180847,0.48678058385849,0.8001247048377991,1.4961931705474854,2.132120132446289,2.201389789581299,1.822017788887024,1.3845089673995972,1.0192713737487793,0.6676512956619263,0.4969669580459595,0.5705223083496094,0.714492917060852,0.745907187461853,0.7035468816757202,0.7472050189971924,1.0135706663131714,1.3773267269134521,1.6027500629425049,1.6823248863220215,1.6531610488891602,1.494922161102295,1.200128436088562,0.8812724351882935,0.5683789253234863,0.25763440132141113
0.018587565049529076,0.0712103620171547,0.19158536195755005,0.46631941199302673,1.0037916898727417,1.5098021030426025,1.6432576179504395,1.486965537071228,1.3317058086395264,1.3770467042922974,1.443912386894226,1.2493482828140259,0.6453691124916077,0.04638490080833435,-0.10850728303194046,0.07006166875362396,0.28419673442840576,0.34124884009361267,0.4074510931968689,0.7369568347930908,1.5101346969604492,2.242748737335205,2.4081389904022217,2.139852285385132,1.7474920749664307,1.2836695909500122,0.7629740834236145,0.49217426776885986,0.5492268800735474,0.7107656598091125,0.7694939970970154,0.7750314474105835,0.8599715232849121,1.149566888809204,1.524084210395813,1.735447883605957,1.7648862600326538,1.6782547235488892,1.4895778894424438,1.1847251653671265,0.8436741828918457,0.461670458316803,0.068257175385952
-0.04393630474805832,-0.04626348987221718,0.02964019775390625,0.3964408338069916,1.211264729499817,2.03583025932312,2.411161422729492,2.4683103561401367,2.4066991806030273,2.3139851093292236,2.126591682434082,1.8023216724395752,1.238276481628418,0.7039524912834167,0.5211935043334961,0.6139981746673584,0.7166445255279541,0.6367765665054321,0.5473988056182861,0.740214467048645,1.365265130996704,2.011213779449463,2.2638258934020996,2.2408719062805176,2.072598934173584,1.7332203388214111,1.2850109338760376,1.0103105306625366,0.9524662494659424,0.9769316911697388,0.9837132692337036,1.0000159740447998,1.0619306564331055,1.231765627861023,1.4412250518798828,1.509804129600525,1.4077341556549072,1.2226883172988892,1.0114905834197998,0.7511748671531677,0.4857425391674042,0.21041396260261536,-0.054897136986255646
-0.09585192054510117,-0.13821479678153992,-0.10769040137529373,0.3318115174770355,1.378072738647461,2.4701781272888184,3.050826072692871,3.2908670902252197,3.317840814590454,3.1279444694519043,2.752772808074951,2.3527724742889404,1.8731639385223389,1.4353402853012085,1.228279948234558,1.2118120193481445,1.1884312629699707,0.9981443881988525,0.790206789970398,0.8351382613182068,1.2261420488357544,1.698223352432251,2.0241940021514893,2.286316394805908,2.3988234996795654,2.257718563079834,1.9634428024291992,1.7144676446914673,1.5008234977722168,1.3290644884109497,1.2557698488235474,1.272525668144226,1.2994345426559448,1.3240255117416382,1.3393226861953735,1.2469795942306519,1.0092819929122925,0.727046012878418,0.4905974864959717,0.2688715159893036,0.08737882971763611,-0.037494558840990067,-0.11622556298971176
-0.19119735062122345,-0.24978803098201752,-0.24217489361763,0.23488697409629822,1.395471215248108,2.6271307468414307,3.3402326107025146,3.7237589359283447,3.8322980403900146,3.6076693534851074,3.1296815872192383,2.6255199909210205,2.024444103240967,1.4808135032653809,1.2347394227981567,1.2319284677505493,1.2517380714416504,1.1612204313278198,1.0694082975387573,1.1048818826675415,1.2825276851654053,1.550960898399353,1.9178634881973267,2.4122161865234375,2.7543675899505615,2.77252197265625,2.599729061126709,2.3584537506103516,1.9890283346176147,1.6293275356292725,1.4779709577560425,1.491154432296753,1.5099918842315674,1.481257677078247,1.4279268980026245,1.2752646207809448,0.9868921041488647,0.658480167388916,0.37193670868873596,0.0923781543970108,-0.1022002100944519,-0.13895031809806824,-0.08159049600362778
-0.32600757479667664,-0.37546008825302124,-0.3742032051086426,0.10823237895965576,1.281901478767395,2.5411570072174072,3.31719970703125,3.798231601715088,3.979243278503418,3.791137218475342,3.310720920562744,2.6971030235290527,1.8083665370941162,0.9899964332580566,0.688440203666687,0.7915287017822266,0.993496298789978,1.201411247253418,1.452406644821167,1.5920443534851074,1.5215444564819336,1.5077214241027832,1.8827545642852783,2.5949532985687256,3.1595849990844727,3.3400423526763916,3.2967615127563477,3.0552639961242676,2.497769355773926,1.9164482355117798,1.670525312423706,1.6725704669952393,1.7051546573638916,1.6989601850509644,1.6829023361206055,1.5558300018310547,1.2930974960327148,0.9635183811187744,0.5944246649742126,0.1508801430463791,-0.15074285864830017,-0.1282348930835724,0.06153636798262596
-0.4295892119407654,-0.4686301350593567,-0.46478453278541565,0.002056137891486287,1.1234369277954102,2.343355178833008,3.157395362854004,3.741771697998047,4.000972747802734,3.8345296382904053,3.334447145462036,2.6193552017211914,1.4873069524765015,0.44294339418411255,0.11033973097801208,0.3293582499027252,0.7036752104759216,1.156457543373108,1.6812137365341187,1.9184530973434448,1.688405990600586,1.4849711656570435,1.8694819211959839,2.7320001125335693,3.454352378845215,3.7613327503204346,3.8270864486694336,3.6031012535095215,2.933199405670166,2.2124273777008057,1.9059444665908813,1.8981417417526245,1.9278944730758667,1.9074510335922241,1.8777942657470703,1.7396639585494995,1.4736789464950562,1.1355215311050415,0.7311530709266663,0.2260832041501999,-0.11294285207986832,-0.0626458078622818,0.18463864922523499
-0.44951584935188293,-0.4982580840587616,-0.4844629764556885,-0.05619799345731735,0.939830482006073,2.056523323059082,2.921173095703125,3.6858303546905518,4.066335201263428,3.8459887504577637,3.214125156402588,2.402658462524414,1.204306960105896,0.12376419454813004,-0.18097546696662903,0.1287260800600052,0.5653262138366699,0.9836502075195312,1.438021183013916,1.664726972579956,1.5040132999420166,1.3888715505599976,1.8288464546203613,2.72815203666687,3.4900031089782715,3.8493800163269043,3.9729158878326416,3.807864189147949,3.2082154750823975,2.5439887046813965,2.2553603649139404,2.2375450134277344,2.2041118144989014,2.0256967544555664,1.786634922027588,1.4899157285690308,1.0986268520355225,0.7036473751068115,0.40127813816070557,0.1561284065246582,0.013946965336799622,0.0379730649292469,0.16697531938552856
