src/assets/data/2021-04-24.json
{"header": { "parameterNumberName": "eastward_wind", "parameterUnit": "m.s-1", "parameterNumber": 2, "parameterCategory": 2, "nx": 124, "ny": 124, "numberPoints": 15376, "dx": 0.1858516129032258, "dy": 0.17743435483870967, "la1": 26.9247, "lo1": 90.9384, "la2": 4.92284, "lo2": 113.984, "refTime": "2021-04-{dd_th} 07:00:00" }, "data":
[rows 95 to 113 of 124, columns 0 to 42 of 124]
3.5593621730804443,3.046511650085449,1.1183247566223145,-1.0861258506774902,-2.0706584453582764,-1.9999310970306396,-1.6264636516571045,-1.2711970806121826,-0.7949795126914978,-0.620633602142334,-1.0641565322875977,-1.564493179321289,-1.3611596822738647,-0.445808470249176,0.40295103192329407,0.6479440331459045,0.5751368403434753,0.41284021735191345,0.15884451568126678,-0.1540486365556717,-0.4054186940193176,-0.6188594698905945,-0.8003284931182861,-0.9914474487304688,-1.1599279642105103,-1.0847289562225342,-0.6316718459129333,-0.02460707724094391,0.49171674251556396,1.0059159994125366,1.3462883234024048,1.331491231918335,1.0601694583892822,0.7133916616439819,0.2180260419845581,-0.26272982358932495,-0.3878355622291565,-0.1506313979625702,0.13194069266319275,0.258760929107666,0.32787537574768066,0.32610413432121277,0.18658138811588287
2.1343624591827393,1.453587293624878,-0.06716413795948029,-1.6634597778320312,-2.2352945804595947,-1.8565574884414673,-1.302182674407959,-0.9836009740829468,-0.7017769813537598,-0.6646485924720764,-1.1469109058380127,-1.6415106058120728,-1.3923895359039307,-0.3774418830871582,0.5658930540084839,0.8449218273162842,0.7775596380233765,0.6576829552650452,0.4966065287590027,0.3096269965171814,0.23199370503425598,0.28002655506134033,0.2548910975456238,-0.03973570466041565,-0.48923948407173157,-0.7863236665725708,-0.8967876434326172,-0.8432961106300354,-0.5185400247573853,0.14564944803714752,0.7551876306533813,1.0419015884399414,1.1372973918914795,1.0058369636535645,0.47865617275238037,-0.133785218000412,-0.33979862928390503,-0.1578962504863739,0.075651153922081,0.14776596426963806,0.16438111662864685,0.16157318651676178,0.12776026129722595
0.898799479007721,0.11481597274541855,-1.0057716369628906,-2.0418567657470703,-2.2745110988616943,-1.703976035118103,-1.062534213066101,-0.7978572249412537,-0.6813046932220459,-0.7437682151794434,-1.2070475816726685,-1.6451400518417358,-1.3669806718826294,-0.3436911106109619,0.6194821000099182,0.9516590237617493,0.9585833549499512,0.9150115251541138,0.826147735118866,0.7165563702583313,0.7397816181182861,0.9319238066673279,0.9883908033370972,0.6306699514389038,0.016735946759581566,-0.5076866745948792,-0.9689077734947205,-1.2697134017944336,-1.100042462348938,-0.4087410271167755,0.30500829219818115,0.7373810410499573,1.0321719646453857,1.0398486852645874,0.558626115322113,-0.056240517646074295,-0.28811168670654297,-0.1689024418592453,0.001549718901515007,0.03556029126048088,0.027264846488833427,0.028635971248149872,0.05627572536468506
0.03652056306600571,-0.7204638123512268,-1.4747892618179321,-2.0703530311584473,-2.1181843280792236,-1.5820716619491577,-1.0289913415908813,-0.8332395553588867,-0.7990658283233643,-0.8783888816833496,-1.234943151473999,-1.5456299781799316,-1.2586994171142578,-0.3476237952709198,0.5287656188011169,0.9146743416786194,1.0512579679489136,1.1065073013305664,1.075446367263794,0.9884542226791382,0.9604411125183105,1.007030725479126,0.9513947367668152,0.6219874620437622,0.11835736036300659,-0.30367088317871094,-0.6570654511451721,-0.8821228742599487,-0.7658349275588989,-0.26317092776298523,0.2395559549331665,0.4870290160179138,0.6045960783958435,0.5631875395774841,0.2581493556499481,-0.1194538101553917,-0.2749365568161011,-0.22933390736579895,-0.14151667058467865,-0.10283239185810089,-0.06866756081581116,-0.04254958778619766,-0.03498202934861183
-0.6192235946655273,-1.2821521759033203,-1.6857328414916992,-1.8998305797576904,-1.8412706851959229,-1.4557323455810547,-1.0833289623260498,-0.9719216227531433,-0.9884830713272095,-1.0465165376663208,-1.2422189712524414,-1.3786625862121582,-1.0986430644989014,-0.3846113681793213,0.3352026045322418,0.7920310497283936,1.1213276386260986,1.304287314414978,1.306244969367981,1.1905243396759033,1.0393691062927246,0.8283264636993408,0.5907334685325623,0.33111733198165894,0.05340588092803955,-0.12316557765007019,-0.16009797155857086,-0.11381165683269501,-0.012735508382320404,0.1856653392314911,0.320015549659729,0.23190614581108093,0.008912220597267151,-0.15779785811901093,-0.21606166660785675,-0.2360372245311737,-0.26294586062431335,-0.295592725276947,-0.3008681833744049,-0.23929226398468018,-0.1340516060590744,-0.07741141319274902,-0.13385407626628876
-1.0471878051757812,-1.5936009883880615,-1.7426362037658691,-1.70119309425354,-1.586977481842041,-1.3388832807540894,-1.1239778995513916,-1.092255711555481,-1.1590155363082886,-1.2042514085769653,-1.2669916152954102,-1.2570081949234009,-0.9818540811538696,-0.4325902462005615,0.16246280074119568,0.7065432071685791,1.2359111309051514,1.524190902709961,1.466965913772583,1.2346442937850952,0.9959389567375183,0.6978355050086975,0.4215053915977478,0.22694693505764008,0.08657217770814896,0.05058567225933075,0.18856853246688843,0.375692754983902,0.443276047706604,0.428480327129364,0.3178030550479889,0.022629214450716972,-0.3983580470085144,-0.6313580274581909,-0.5304723978042603,-0.3232914209365845,-0.2638147473335266,-0.33790984749794006,-0.39147457480430603,-0.29809755086898804,-0.12670820951461792,-0.04504517838358879,-0.16220152378082275
-1.151301383972168,-1.5520931482315063,-1.5765297412872314,-1.4499781131744385,-1.3493680953979492,-1.2211562395095825,-1.1364476680755615,-1.192384958267212,-1.3288711309432983,-1.3833280801773071,-1.3464490175247192,-1.2165372371673584,-0.9320504665374756,-0.48978906869888306,0.03570808842778206,0.6987603902816772,1.4447275400161743,1.796496868133545,1.500403881072998,0.9808254241943359,0.7283885478973389,0.6844679117202759,0.656383216381073,0.520156741142273,0.34404706954956055,0.24515607953071594,0.2887403964996338,0.366939902305603,0.35692834854125977,0.28470832109451294,0.14507010579109192,-0.13281117379665375,-0.5009250640869141,-0.6844559907913208,-0.5413945913314819,-0.29772597551345825,-0.22153833508491516,-0.3034859299659729,-0.3570116460323334,-0.2177133709192276,0.023734278976917267,0.12485304474830627,-0.06027202308177948
-1.0706592798233032,-1.3069450855255127,-1.288567066192627,-1.1833714246749878,-1.1383763551712036,-1.1174437999725342,-1.140398621559143,-1.2737267017364502,-1.4711583852767944,-1.5379866361618042,-1.4277321100234985,-1.206883430480957,-0.9160447120666504,-0.5583817958831787,-0.07977423071861267,0.7118192911148071,1.6770942211151123,2.077909469604492,1.4883378744125366,0.629521906375885,0.38346678018569946,0.6927993297576904,0.9956673979759216,0.913402795791626,0.6476665139198303,0.42139461636543274,0.28108835220336914,0.16844019293785095,0.07314576953649521,0.008370976895093918,-0.07453198730945587,-0.24566107988357544,-0.46255797147750854,-0.5609269142150879,-0.45175105333328247,-0.27794796228408813,-0.21615342795848846,-0.2676372528076172,-0.2776060700416565,-0.08590192347764969,0.21654382348060608,0.3315676748752594,0.08681090176105499
-1.0620936155319214,-1.1565961837768555,-1.1270824670791626,-1.0623282194137573,-1.0480027198791504,-1.0630278587341309,-1.1190478801727295,-1.2728785276412964,-1.4831279516220093,-1.5532310009002686,-1.4260704517364502,-1.1885474920272827,-0.9190251231193542,-0.6309911608695984,-0.18619491159915924,0.7011892795562744,1.8341763019561768,2.2971556186676025,1.5681627988815308,0.5296326279640198,0.25942543148994446,0.6926956176757812,1.119188904762268,1.0669424533843994,0.7851725816726685,0.5101470351219177,0.2651759684085846,0.03751908987760544,-0.10865084826946259,-0.17003150284290314,-0.21802325546741486,-0.31036025285720825,-0.41584834456443787,-0.48012059926986694,-0.48671817779541016,-0.4586779475212097,-0.4165949523448944,-0.3656023442745209,-0.2662637531757355,-0.03514089807868004,0.2754776179790497,0.39253148436546326,0.15194162726402283
-1.124267578125,-1.0839520692825317,-1.0980241298675537,-1.1195082664489746,-1.1041425466537476,-1.044569492340088,-1.0205230712890625,-1.119338870048523,-1.285964012145996,-1.3571298122406006,-1.303655743598938,-1.162343144416809,-0.9513408541679382,-0.7010365128517151,-0.25424182415008545,0.7127437591552734,1.9783211946487427,2.5334742069244385,1.8487379550933838,0.808765172958374,0.44936734437942505,0.681613564491272,0.9423821568489075,0.8875048160552979,0.6955150961875916,0.4768536686897278,0.21678295731544495,-0.042406413704156876,-0.1943987011909485,-0.24207040667533875,-0.26706862449645996,-0.3058445453643799,-0.34344032406806946,-0.44826534390449524,-0.7186379432678223,-0.9804149866104126,-0.9699738025665283,-0.6864746809005737,-0.3564344644546509,-0.09858214855194092,0.14016300439834595,0.23715095221996307,0.0850929468870163
-1.2310469150543213,-1.085134744644165,-1.1631067991256714,-1.2800841331481934,-1.2510257959365845,-1.080568552017212,-0.9357149004936218,-0.9415324926376343,-1.0270884037017822,-1.0867359638214111,-1.1352486610412598,-1.1312227249145508,-0.996658444404602,-0.7805304527282715,-0.33395540714263916,0.6729991436004639,2.0142452716827393,2.659550428390503,2.1278998851776123,1.2081559896469116,0.7593870759010315,0.6672414541244507,0.6468385457992554,0.5739529728889465,0.5078708529472351,0.38908037543296814,0.1667552888393402,-0.0713680163025856,-0.20726074278354645,-0.24804428219795227,-0.26712051033973694,-0.26930177211761475,-0.26087674498558044,-0.430633544921875,-0.9980629086494446,-1.5794613361358643,-1.603987455368042,-1.0616997480392456,-0.4779459536075592,-0.20432715117931366,-0.06560979038476944,0.007525542750954628,-0.013514425605535507
-1.4366254806518555,-1.268204689025879,-1.3569427728652954,-1.4876419305801392,-1.4397512674331665,-1.2234413623809814,-1.015943169593811,-0.9299070239067078,-0.9056140780448914,-0.9156675338745117,-1.0063225030899048,-1.084619164466858,-1.0241492986679077,-0.8878799080848694,-0.5098469257354736,0.44036105275154114,1.7403942346572876,2.4322078227996826,2.127718687057495,1.4468687772750854,0.9952298998832703,0.6505188941955566,0.3989119529724121,0.3133259415626526,0.34815409779548645,0.33034709095954895,0.2057758867740631,0.05321986973285675,-0.06613772362470627,-0.16298118233680725,-0.24469472467899323,-0.25912147760391235,-0.24393156170845032,-0.45556193590164185,-1.1731523275375366,-1.9109350442886353,-1.9506577253341675,-1.2761406898498535,-0.5641492009162903,-0.2904329299926758,-0.21373812854290009,-0.14054784178733826,-0.030723989009857178
-1.7803821563720703,-1.7107574939727783,-1.739168405532837,-1.7744947671890259,-1.715035319328308,-1.571692943572998,-1.3970069885253906,-1.1924443244934082,-0.9650863409042358,-0.8428126573562622,-0.9031440019607544,-1.0112285614013672,-1.0331571102142334,-1.0431029796600342,-0.830985963344574,-0.08236142247915268,1.0010967254638672,1.6851048469543457,1.7582454681396484,1.5306727886199951,1.1900339126586914,0.6273235082626343,0.157338485121727,0.06996487081050873,0.20683223009109497,0.32215747237205505,0.4000188112258911,0.43724197149276733,0.33285999298095703,0.07182757556438446,-0.19038814306259155,-0.2959311008453369,-0.3351881206035614,-0.5707248449325562,-1.267006516456604,-1.966320276260376,-1.9966455698013306,-1.3379079103469849,-0.6444987654685974,-0.3907884955406189,-0.3339296579360962,-0.22515809535980225,0.044672638177871704
-2.167783737182617,-2.2263309955596924,-2.1793689727783203,-2.090059280395508,-1.9994983673095703,-1.9125218391418457,-1.7644984722137451,-1.460230827331543,-1.063957929611206,-0.8234198093414307,-0.830255925655365,-0.9367077350616455,-1.0333434343338013,-1.2008404731750488,-1.1754523515701294,-0.6604300141334534,0.1657136082649231,0.8205317854881287,1.2767002582550049,1.524012804031372,1.3294029235839844,0.6057081818580627,-0.039497870951890945,-0.134504035115242,0.06952840834856033,0.299012690782547,0.591704785823822,0.8392830491065979,0.7579683661460876,0.3308463394641876,-0.11638109385967255,-0.32264018058776855,-0.42842042446136475,-0.6724655628204346,-1.274597406387329,-1.8569433689117432,-1.8692890405654907,-1.2894372940063477,-0.6778998374938965,-0.4539601504802704,-0.40104490518569946,-0.2520737051963806,0.15935774147510529
-2.498959541320801,-2.599588394165039,-2.524864673614502,-2.372938871383667,-2.1929659843444824,-1.9721590280532837,-1.720488429069519,-1.4132400751113892,-1.0731260776519775,-0.8618547916412354,-0.8320208787918091,-0.9012930989265442,-1.034350037574768,-1.3085615634918213,-1.4032244682312012,-1.0110182762145996,-0.3095168173313141,0.3308927118778229,0.9650140404701233,1.4397333860397339,1.3382574319839478,0.5909606218338013,-0.10261494666337967,-0.2300775647163391,-0.060421399772167206,0.1831703633069992,0.5807374119758606,0.9508926272392273,0.9109581708908081,0.4490893483161926,-0.04358833283185959,-0.27173590660095215,-0.39170974493026733,-0.6177316904067993,-1.1374433040618896,-1.6295785903930664,-1.6282951831817627,-1.1110939979553223,-0.5684424638748169,-0.375846266746521,-0.3380831182003021,-0.18519438803195953,0.27218785881996155
-2.855497360229492,-2.888641834259033,-2.864330291748047,-2.746955156326294,-2.3965201377868652,-1.766845941543579,-1.2178200483322144,-1.034483790397644,-1.05682373046875,-1.06663179397583,-0.9946677684783936,-0.9492565393447876,-1.0615732669830322,-1.3912949562072754,-1.5368354320526123,-1.1349095106124878,-0.39462825655937195,0.25850313901901245,0.8470202684402466,1.272662878036499,1.1935924291610718,0.5501322150230408,-0.072439044713974,-0.265623539686203,-0.2392669916152954,-0.082100048661232,0.3196756839752197,0.7390508651733398,0.773593008518219,0.42500704526901245,0.04250219464302063,-0.11604911834001541,-0.18712379038333893,-0.3569020926952362,-0.7924600839614868,-1.2070906162261963,-1.1809208393096924,-0.6888170838356018,-0.19368550181388855,-0.05973811447620392,-0.09625641256570816,-0.008990515023469925,0.39277195930480957
-3.093898296356201,-3.057351589202881,-3.0620646476745605,-2.9531993865966797,-2.422183036804199,-1.3857452869415283,-0.5500830411911011,-0.5113256573677063,-0.9253790378570557,-1.1835168600082397,-1.0974420309066772,-0.9594378471374512,-1.0518529415130615,-1.4153168201446533,-1.5884956121444702,-1.1602765321731567,-0.3686336576938629,0.2793363332748413,0.7388006448745728,1.0302363634109497,0.9842939376831055,0.5570836067199707,0.10282735526561737,-0.16091352701187134,-0.3382909595966339,-0.32916033267974854,0.011053226888179779,0.42269349098205566,0.5257026553153992,0.33814942836761475,0.11763951927423477,0.05007912963628769,0.03644666075706482,-0.07133657485246658,-0.4141901433467865,-0.7490838170051575,-0.7170766592025757,-0.2976413369178772,0.11760707199573517,0.22157572209835052,0.1749594509601593,0.22296404838562012,0.5172734260559082
-2.9946725368499756,-3.004124402999878,-2.8911499977111816,-2.610639810562134,-1.963433027267456,-0.8376771211624146,0.03772474452853203,0.025832587853074074,-0.5033195614814758,-0.8611795902252197,-0.8432837128639221,-0.7635930180549622,-0.9090842008590698,-1.3159054517745972,-1.5387988090515137,-1.1847517490386963,-0.4808086156845093,0.09493660181760788,0.46711084246635437,0.7185898423194885,0.8119559288024902,0.7425855398178101,0.5659589171409607,0.24600496888160706,-0.18141411244869232,-0.37269917130470276,-0.1457166075706482,0.20177756249904633,0.32200562953948975,0.2477361261844635,0.1434796005487442,0.12011247128248215,0.11820762604475021,0.04139614850282669,-0.20426329970359802,-0.4564586877822876,-0.48355045914649963,-0.2913528382778168,-0.05077511817216873,0.13659889996051788,0.3196662664413452,0.47867587208747864,0.643869161605835
-2.4868123531341553,-2.686453342437744,-2.2575316429138184,-1.5544023513793945,-0.8324966430664062,0.04718618839979172,0.6919465661048889,0.7158329486846924,0.3450433611869812,0.028031840920448303,-0.11963700503110886,-0.268180251121521,-0.5620633363723755,-1.050107479095459,-1.36765456199646,-1.1946961879730225,-0.7139737606048584,-0.2788105010986328,0.025160882622003555,0.3167247772216797,0.6998518109321594,1.2457945346832275,1.538232445716858,1.1299078464508057,0.28449735045433044,-0.24355372786521912,-0.1962658166885376,0.04071566462516785,0.13275402784347534,0.13192462921142578,0.10638360679149628,0.0843166708946228,0.05054713413119316,-0.020709941163659096,-0.14623287320137024,-0.2982639670372009,-0.4690626263618469,-0.7218575477600098,-0.7918006777763367,-0.3592034578323364,0.3938037157058716,0.8604969382286072,0.815625786781311
