src/assets/data/2021-04-20.json
{"header": { "parameterNumberName": "northward_wind", "parameterUnit": "m.s-1", "parameterNumber": 3, "parameterCategory": 2, "nx": 124, "ny": 124, "numberPoints": 15376, "dx": 0.1858516129032258, "dy": 0.17743435483870967, "la1": 26.9247, "lo1": 90.9384, "la2": 4.92284, "lo2": 113.984, "refTime": "2021-04-{dd_th} 07:00:00" }, "data":
[rows 57 to 75 of 124, columns 43 to 85 of 124]
-0.2961382567882538,-0.2596871256828308,-0.09524897485971451,0.38475823402404785,1.3439384698867798,2.3305160999298096,2.913810968399048,3.248469829559326,3.212047576904297,2.5568859577178955,1.5587245225906372,0.8507149815559387,0.4078117609024048,0.21796274185180664,0.4599842131137848,1.1323884725570679,1.7080256938934326,1.8781447410583496,1.8841426372528076,1.9522569179534912,2.0964744091033936,2.25732421875,2.4194984436035156,2.593796968460083,2.727710008621216,2.7855167388916016,2.7962028980255127,2.793931245803833,2.7721762657165527,2.744101047515869,2.758692979812622,2.823763847351074,2.7414374351501465,2.355605363845825,1.8015390634536743,1.294083595275879,0.7961222529411316,0.38233107328414917,0.20664942264556885,0.24590876698493958,0.30026915669441223,0.24090291559696198,0.1686096489429474
-0.3399484157562256,-0.29744380712509155,-0.10589971393346786,0.3702692985534668,1.287261724472046,2.2196271419525146,2.752269744873047,3.0324325561523438,2.95977783203125,2.299649953842163,1.317781686782837,0.6423122882843018,0.2694571316242218,0.133128821849823,0.3329589366912842,0.878412127494812,1.3798941373825073,1.6365137100219727,1.7912932634353638,1.9045742750167847,1.9539827108383179,1.989833950996399,2.086541175842285,2.226710557937622,2.3535099029541016,2.4242911338806152,2.4772682189941406,2.5815136432647705,2.784341335296631,2.9610726833343506,2.9894659519195557,2.9101998805999756,2.7041540145874023,2.3223886489868164,1.8171100616455078,1.310362458229065,0.7287136316299438,0.24373865127563477,0.12036662548780441,0.3190940022468567,0.49303820729255676,0.4123193919658661,0.2594582736492157
-0.31478825211524963,-0.27345332503318787,-0.1106913611292839,0.33045753836631775,1.2026538848876953,2.0867862701416016,2.575058698654175,2.8100244998931885,2.7136545181274414,2.073310375213623,1.1329684257507324,0.48074108362197876,0.11815562844276428,-0.029698984697461128,0.09417325258255005,0.49394309520721436,0.9583371877670288,1.4476203918457031,1.9513225555419922,2.2454118728637695,2.2697324752807617,2.2005603313446045,2.186593532562256,2.178563117980957,2.191979169845581,2.2235732078552246,2.285032033920288,2.4439425468444824,2.781996250152588,3.0886876583099365,3.1316144466400146,2.973785161972046,2.7009849548339844,2.3189899921417236,1.8411414623260498,1.3678102493286133,0.838441014289856,0.3945397138595581,0.2531769871711731,0.3809746503829956,0.501962423324585,0.4318467676639557,0.31767556071281433
-0.23906074464321136,-0.2104896754026413,-0.11036740243434906,0.2775137722492218,1.1076240539550781,1.9481399059295654,2.3815906047821045,2.5490686893463135,2.4180288314819336,1.8158620595932007,0.9479895830154419,0.3347129821777344,-0.01918434351682663,-0.18880367279052734,-0.1605382263660431,0.06101694703102112,0.47753459215164185,1.2377346754074097,2.1530826091766357,2.676623821258545,2.713724136352539,2.562333583831787,2.429446220397949,2.2358171939849854,2.0978636741638184,2.069941759109497,2.1224377155303955,2.3020315170288086,2.709266424179077,3.088423013687134,3.1446008682250977,2.9534671306610107,2.6604065895080566,2.3022618293762207,1.8703173398971558,1.4547823667526245,1.021356463432312,0.6475670337677002,0.45513924956321716,0.4212249517440796,0.42480188608169556,0.3873635530471802,0.37114885449409485
-0.1064411997795105,-0.11807911098003387,-0.09599398821592331,0.236633762717247,1.0450036525726318,1.8611493110656738,2.22887921333313,2.2944157123565674,2.0999791622161865,1.521547794342041,0.7229715585708618,0.17460983991622925,-0.09649877995252609,-0.21662743389606476,-0.26497742533683777,-0.23708638548851013,0.06514672189950943,0.9282249212265015,2.0442068576812744,2.6960256099700928,2.782252788543701,2.6361114978790283,2.4619462490081787,2.1739540100097656,1.9544436931610107,1.900250792503357,1.9478888511657715,2.1041646003723145,2.4523138999938965,2.7835733890533447,2.8505594730377197,2.71659517288208,2.5049259662628174,2.264157295227051,1.9655252695083618,1.6191810369491577,1.175468921661377,0.7561098337173462,0.5080582499504089,0.39305582642555237,0.3522566556930542,0.3642592132091522,0.44084134697914124
0.12120699882507324,0.010568413883447647,-0.0930342823266983,0.16356849670410156,0.9679011106491089,1.7835099697113037,2.0807254314422607,2.020237922668457,1.7398828268051147,1.1617056131362915,0.4166952073574066,-0.030102526769042015,-0.09603255987167358,-0.04965953528881073,-0.15430542826652527,-0.3675587773323059,-0.287766695022583,0.46093857288360596,1.5131254196166992,2.1629250049591064,2.333402395248413,2.2944912910461426,2.1820759773254395,1.9312071800231934,1.7333614826202393,1.7071181535720825,1.7630560398101807,1.8270587921142578,1.9026374816894531,1.9878554344177246,2.0723698139190674,2.1644229888916016,2.2214508056640625,2.270620584487915,2.2656750679016113,2.0110793113708496,1.3724372386932373,0.6967558860778809,0.35210293531417847,0.23946163058280945,0.23764407634735107,0.3238472640514374,0.49791982769966125
0.3580101728439331,0.16159139573574066,-0.04658009856939316,0.15239113569259644,0.9734112024307251,1.799793004989624,2.0083401203155518,1.7769038677215576,1.377284288406372,0.8009394407272339,0.1267077475786209,-0.20729286968708038,-0.06454608589410782,0.15120817720890045,0.0016785822808742523,-0.431734174489975,-0.5812053680419922,-0.022758621722459793,0.8623774647712708,1.4676933288574219,1.7601568698883057,1.887851595878601,1.8704500198364258,1.6789865493774414,1.5152873992919922,1.5164533853530884,1.570544958114624,1.5304609537124634,1.3191159963607788,1.1428439617156982,1.2315194606781006,1.5373492240905762,1.8515863418579102,2.1770570278167725,2.4535460472106934,2.2903928756713867,1.4691674709320068,0.5595855116844177,0.1537453681230545,0.09426485002040863,0.17068840563297272,0.3387991487979889,0.6029424667358398
0.4984356462955475,0.3304215669631958,0.14436665177345276,0.36699479818344116,1.239516019821167,2.0756313800811768,2.1477127075195312,1.6460562944412231,1.0576897859573364,0.5105318427085876,-0.03171325847506523,-0.268439382314682,-0.053236640989780426,0.20130589604377747,0.014138717204332352,-0.5254650115966797,-0.7936503887176514,-0.3718913197517395,0.3811626136302948,0.9781665205955505,1.4429364204406738,1.7667871713638306,1.8091373443603516,1.5835881233215332,1.369001030921936,1.333433747291565,1.345597743988037,1.2631151676177979,1.007236123085022,0.7880085706710815,0.8370797634124756,1.1033856868743896,1.401319980621338,1.7506667375564575,2.077151298522949,1.9699339866638184,1.207114338874817,0.3685566186904907,0.0605054572224617,0.1271422654390335,0.30949997901916504,0.5304464101791382,0.8203032612800598
0.566457986831665,0.5524109601974487,0.5271270275115967,0.8641980886459351,1.834172248840332,2.681457042694092,2.5463404655456543,1.6287415027618408,0.7476984262466431,0.2561066746711731,-0.07807935774326324,-0.22116096317768097,-0.05884329974651337,0.11099374294281006,-0.11024852097034454,-0.6546974182128906,-0.9486010074615479,-0.6369103193283081,-0.010591832920908928,0.6052781939506531,1.311936616897583,1.8872044086456299,1.9661922454833984,1.6176433563232422,1.2677390575408936,1.1279206275939941,1.0513836145401,0.9821959733963013,0.9189211130142212,0.870278000831604,0.8311899900436401,0.7998678088188171,0.8051820397377014,0.9277020692825317,1.0764656066894531,0.9890764951705933,0.5145640969276428,0.04608035832643509,0.016853362321853638,0.33111846446990967,0.6764800548553467,0.8963783383369446,1.0981192588806152
0.5734853744506836,0.6944412589073181,0.8170676827430725,1.2598121166229248,2.315626859664917,3.1779680252075195,2.8836870193481445,1.6394537687301636,0.5319658517837524,0.10050804167985916,-0.05120154842734337,-0.12411011010408401,-0.0437602624297142,0.022635992616415024,-0.21086423099040985,-0.7023462653160095,-0.9770936369895935,-0.7713377475738525,-0.2867746949195862,0.3327605128288269,1.2629716396331787,2.0736615657806396,2.186415910720825,1.7226485013961792,1.2471730709075928,1.011785864830017,0.8556208610534668,0.8060001730918884,0.9384680390357971,1.0615428686141968,0.9347110390663147,0.6055948138237,0.31292423605918884,0.188271626830101,0.13471785187721252,0.06828588247299194,-0.07195519655942917,-0.1290745735168457,0.09277090430259705,0.5648441910743713,1.0270376205444336,1.324661374092102,1.5730948448181152
0.49811869859695435,0.6026813983917236,0.7245551347732544,1.180235505104065,2.270622730255127,3.168718099594116,2.8842825889587402,1.6294889450073242,0.5246248245239258,0.138004332780838,0.04517502710223198,-0.008263567462563515,0.030055660754442215,0.0561395063996315,-0.13982458412647247,-0.5275934934616089,-0.7540669441223145,-0.6633274555206299,-0.35407698154449463,0.22571252286434174,1.3097827434539795,2.300015449523926,2.4595348834991455,1.9514710903167725,1.4201428890228271,1.146735668182373,0.953762948513031,0.8856873512268066,1.033970832824707,1.1657359600067139,0.991079568862915,0.5674837231636047,0.18202485144138336,-0.04171440005302429,-0.1775791347026825,-0.187693253159523,-0.04876357316970825,0.1787392944097519,0.42113983631134033,0.6895409226417542,1.0795443058013916,1.7024935483932495,2.4498980045318604
0.34055233001708984,0.32590892910957336,0.34930408000946045,0.7589538097381592,1.8531699180603027,2.8074140548706055,2.659677743911743,1.6267321109771729,0.6928412318229675,0.3426353931427002,0.22038909792900085,0.14407490193843842,0.15094712376594543,0.16713359951972961,0.05201020836830139,-0.16925835609436035,-0.3056070804595947,-0.3360477685928345,-0.23385372757911682,0.2751266658306122,1.4751465320587158,2.6164610385894775,2.831172466278076,2.31904935836792,1.7710585594177246,1.4918526411056519,1.2856216430664062,1.1760417222976685,1.235131025314331,1.2805452346801758,1.0813515186309814,0.6822856068611145,0.32103678584098816,0.07196144759654999,-0.09140016883611679,-0.02195817604660988,0.3989576995372772,0.866963803768158,0.9704266786575317,0.7495715022087097,0.9163004159927368,2.065377712249756,3.6758828163146973
0.21632860600948334,0.10813294351100922,0.053325507789850235,0.4037014842033386,1.4381407499313354,2.3822665214538574,2.35245680809021,1.5565135478973389,0.8135076761245728,0.5151422023773193,0.37876513600349426,0.2842431664466858,0.253671795129776,0.2446843683719635,0.18040481209754944,0.07896257191896439,0.004080119542777538,-0.11809010803699493,-0.1763237863779068,0.23476579785346985,1.4081021547317505,2.5580344200134277,2.806260824203491,2.3592772483825684,1.877781867980957,1.6662124395370483,1.5199004411697388,1.40338134765625,1.3513157367706299,1.2802455425262451,1.0673915147781372,0.7317456007003784,0.4405718743801117,0.22920456528663635,0.10080660879611969,0.2348240166902542,0.7856746912002563,1.3582329750061035,1.4001895189285278,0.95550137758255,1.0612035989761353,2.5891997814178467,4.774975299835205
0.2120908498764038,0.10935716331005096,0.06535600125789642,0.35997897386550903,1.2249910831451416,2.0185248851776123,2.0053982734680176,1.3582905530929565,0.7607566714286804,0.5524723529815674,0.4810771942138672,0.39856189489364624,0.3073236644268036,0.21899445354938507,0.11472079157829285,-0.0026566870510578156,-0.10253909975290298,-0.25520089268684387,-0.362565815448761,-0.09238871932029724,0.7711162567138672,1.645622730255127,1.8877853155136108,1.6495592594146729,1.4087066650390625,1.423365831375122,1.4977645874023438,1.4596611261367798,1.2807153463363647,1.0476802587509155,0.8066772818565369,0.5290334820747375,0.335642546415329,0.2854844331741333,0.34240564703941345,0.5237196683883667,0.8856773972511292,1.2881196737289429,1.4854921102523804,1.473055124282837,1.9104664325714111,3.4363183975219727,5.464716911315918
0.2609219253063202,0.2094220370054245,0.21497175097465515,0.4471692442893982,1.0724648237228394,1.634121298789978,1.5958819389343262,1.0794719457626343,0.6248367428779602,0.5262202024459839,0.5516296029090881,0.493252694606781,0.33273497223854065,0.14226584136486053,-0.04465928673744202,-0.24378512799739838,-0.409756600856781,-0.5572687387466431,-0.6536114811897278,-0.5517154335975647,-0.16149824857711792,0.2730524241924286,0.48270541429519653,0.5301280617713928,0.6235398650169373,0.9476386904716492,1.3268691301345825,1.4116342067718506,1.0943604707717896,0.6763681173324585,0.4153484106063843,0.22263666987419128,0.16346754133701324,0.3399029076099396,0.6506514549255371,0.8592702150344849,0.8510327339172363,0.9275990128517151,1.395236611366272,2.171682834625244,3.1553432941436768,4.474727630615234,5.950672626495361
0.25321245193481445,0.2533939480781555,0.2990250289440155,0.4775218069553375,0.8999243974685669,1.2650151252746582,1.2058906555175781,0.800999104976654,0.4670296311378479,0.45547014474868774,0.5566455721855164,0.5250387191772461,0.3263714611530304,0.07831606268882751,-0.140903040766716,-0.35970985889434814,-0.5499634146690369,-0.7103774547576904,-0.8327645063400269,-0.8618518114089966,-0.7824591398239136,-0.6389364004135132,-0.47648996114730835,-0.28618374466896057,-0.018863262608647346,0.4594886600971222,0.9945113062858582,1.1601743698120117,0.8098757863044739,0.3496204614639282,0.15326867997646332,0.10798504948616028,0.17366042733192444,0.40923652052879333,0.7379763126373291,0.8925237059593201,0.6577414870262146,0.5854496359825134,1.3432539701461792,2.8134231567382812,4.270895957946777,5.416927337646484,6.415064334869385
0.13709352910518646,0.18186792731285095,0.23537006974220276,0.36168718338012695,0.6310627460479736,0.851763129234314,0.7836554646492004,0.4732065200805664,0.24079203605651855,0.3001662492752075,0.46457284688949585,0.4737027883529663,0.2787453532218933,0.03651656582951546,-0.12087394297122955,-0.22873970866203308,-0.3578030467033386,-0.5776764750480652,-0.8179560899734497,-0.9297182559967041,-0.8813958168029785,-0.7688148021697998,-0.6803019046783447,-0.5965483784675598,-0.4380900263786316,-0.0854836106300354,0.33322325348854065,0.4975050389766693,0.28615841269493103,0.031913239508867264,0.08306615054607391,0.36429280042648315,0.5841546654701233,0.5657923221588135,0.4486994743347168,0.3738810122013092,0.151229590177536,0.2386305034160614,1.3328497409820557,3.3550069332122803,5.1888322830200195,6.255041122436523,6.943140983581543
-0.014297636225819588,0.07642665505409241,0.13754306733608246,0.22547078132629395,0.3789176940917969,0.48938101530075073,0.41554349660873413,0.1792081743478775,0.023083539679646492,0.12428112328052521,0.3224908709526062,0.36799514293670654,0.2045779675245285,0.006818975321948528,-0.05630608648061752,-0.020405665040016174,-0.06500961631536484,-0.3503331243991852,-0.721938967704773,-0.8807615637779236,-0.7436780333518982,-0.5531461238861084,-0.5456255674362183,-0.6668814420700073,-0.7269553542137146,-0.6021690964698792,-0.3963370621204376,-0.25899237394332886,-0.25537270307540894,-0.20852340757846832,0.12525999546051025,0.7328667044639587,1.0727595090866089,0.6981600522994995,0.005591083317995071,-0.3316928744316101,-0.428774893283844,-0.054811395704746246,1.3740867376327515,3.8468728065490723,5.978225231170654,6.981142520904541,7.415639877319336
-0.11651520431041718,0.017279963940382004,0.12579239904880524,0.22163772583007812,0.32465749979019165,0.38143569231033325,0.31067967414855957,0.12070609629154205,-0.007566649001091719,0.056381095200777054,0.19545738399028778,0.231687992811203,0.1238919273018837,-0.0006409708876162767,-0.008207282051444054,0.07905419170856476,0.0628485456109047,-0.24351319670677185,-0.6581165790557861,-0.8189361095428467,-0.6128395795822144,-0.3650440573692322,-0.40279877185821533,-0.6523057222366333,-0.8394789695739746,-0.8243072032928467,-0.708132803440094,-0.5545700192451477,-0.3763442635536194,-0.13576249778270721,0.27013543248176575,0.8700674772262573,1.1431365013122559,0.5931289792060852,-0.31930750608444214,-0.7122502326965332,-0.6495051383972168,-0.04319082573056221,1.5861650705337524,4.273080825805664,6.523795127868652,7.446067810058594,7.6934919357299805
