src/assets/data/2021-04-24.json
{"header": { "parameterNumberName": "eastward_wind", "parameterUnit": "m.s-1", "parameterNumber": 2, "parameterCategory": 2, "nx": 124, "ny": 124, "numberPoints": 15376, "dx": 0.1858516129032258, "dy": 0.17743435483870967, "la1": 26.9247, "lo1": 90.9384, "la2": 4.92284, "lo2": 113.984, "refTime": "2021-04-{dd_th} 07:00:00" }, "data":
[rows 76 to 94 of 124, columns 43 to 85 of 124]
0.35963696241378784,0.21465197205543518,0.5388624668121338,0.8163249492645264,0.6589180827140808,0.26607248187065125,-0.051492203027009964,-0.20395277440547943,-0.30689576268196106,-0.4474221169948578,-0.6487987041473389,-0.7483915090560913,-0.5561327934265137,-0.17486916482448578,0.02262904681265354,-0.13278770446777344,-0.39733991026878357,-0.5143322944641113,-0.5160788893699646,-0.46051695942878723,-0.34429678320884705,-0.1723555028438568,-0.06827989220619202,-0.11089194566011429,-0.18103305995464325,-0.12590566277503967,0.047147344797849655,0.26039180159568787,0.49517199397087097,0.7571328282356262,0.9095702171325684,0.9346034526824951,0.8386338353157043,0.5688329339027405,0.10808016359806061,-0.4421634078025818,-0.9849861860275269,-1.5670499801635742,-2.3043627738952637,-3.3234548568725586,-4.424737453460693,-5.324389457702637,-6.084771156311035
0.12463162839412689,0.09037098288536072,0.6581450700759888,1.1128405332565308,0.8792386054992676,0.25533658266067505,-0.23373764753341675,-0.4586215913295746,-0.5732301473617554,-0.6338983178138733,-0.6323529481887817,-0.5593120455741882,-0.3566206693649292,-0.06094628944993019,0.05071775242686272,-0.18547974526882172,-0.5196888446807861,-0.6451253890991211,-0.5876375436782837,-0.46792373061180115,-0.334793359041214,-0.16734686493873596,-0.04493846371769905,-0.025729980319738388,-0.019956694915890694,0.0923343077301979,0.3050757348537445,0.5584507584571838,0.8785226941108704,1.2462809085845947,1.3528131246566772,1.02085280418396,0.5072352290153503,0.13186439871788025,-0.10657358169555664,-0.4157819151878357,-0.9382035136222839,-1.6073333024978638,-2.3724610805511475,-3.2855887413024902,-4.24699068069458,-5.081697940826416,-5.853013038635254
0.09539856016635895,0.1181730329990387,0.7214782238006592,1.1809306144714355,0.8913902640342712,0.1682240068912506,-0.38626641035079956,-0.6312782764434814,-0.7292543649673462,-0.7100889682769775,-0.539618194103241,-0.3353535532951355,-0.15853117406368256,0.01548212580382824,0.040267571806907654,-0.21678388118743896,-0.5407524108886719,-0.6278653144836426,-0.49003729224205017,-0.3019034266471863,-0.16532400250434875,-0.032746780663728714,0.07503565400838852,0.11974992603063583,0.1656809151172638,0.31829380989074707,0.5876631736755371,0.860372006893158,1.1007928848266602,1.3208293914794922,1.3069989681243896,0.892051100730896,0.3323155641555786,-0.005793049931526184,-0.10172778367996216,-0.27875688672065735,-0.7882713675498962,-1.511542558670044,-2.2805497646331787,-3.0882396697998047,-3.9163684844970703,-4.683830261230469,-5.44929838180542
0.1792205572128296,0.2278803437948227,0.7470642924308777,1.1128888130187988,0.7817894220352173,0.039180926978588104,-0.5168226957321167,-0.7512107491493225,-0.8162431716918945,-0.7160278558731079,-0.3934779167175293,-0.0801895409822464,0.04795760661363602,0.07537399977445602,0.009675498120486736,-0.23175054788589478,-0.4988597333431244,-0.5316897630691528,-0.32572034001350403,-0.0896996557712555,0.03132375702261925,0.10711482912302017,0.18344086408615112,0.24647963047027588,0.3283384442329407,0.5137159824371338,0.8338443636894226,1.1062891483306885,1.2006165981292725,1.1774060726165771,1.0230543613433838,0.6492758989334106,0.20899051427841187,-0.020320499315857887,0.007410384714603424,-0.07070785015821457,-0.5660092234611511,-1.3303300142288208,-2.090334892272949,-2.7815303802490234,-3.4663357734680176,-4.159608840942383,-4.912593841552734
0.30121666193008423,0.3576386272907257,0.7609632015228271,1.0145539045333862,0.6657992005348206,-0.045602720230817795,-0.5669567584991455,-0.7714868783950806,-0.8033794164657593,-0.6662626266479492,-0.29399991035461426,0.044232163578271866,0.12385959178209305,0.055830344557762146,-0.05074186623096466,-0.22703972458839417,-0.39910829067230225,-0.3941260874271393,-0.20039451122283936,0.00828170869499445,0.09931746125221252,0.13745979964733124,0.20052218437194824,0.2971596121788025,0.4249993860721588,0.6256255507469177,0.9388850331306458,1.1784523725509644,1.1868430376052856,1.0395088195800781,0.8243439197540283,0.5063957571983337,0.1627819538116455,-0.017698736861348152,0.015882160514593124,-0.059183038771152496,-0.5336073637008667,-1.2685115337371826,-1.9778821468353271,-2.582427501678467,-3.1678943634033203,-3.7820894718170166,-4.4684648513793945
0.49563199281692505,0.5314566493034363,0.762144923210144,0.8660483360290527,0.5311777591705322,-0.0748460441827774,-0.5065608620643616,-0.6457396149635315,-0.6377646923065186,-0.5346533060073853,-0.2835407257080078,-0.06182366609573364,-0.03364873304963112,-0.11629587411880493,-0.17869067192077637,-0.19075971841812134,-0.1854311227798462,-0.16716185212135315,-0.13353078067302704,-0.09102869033813477,-0.05425045266747475,-0.01505047082901001,0.07289230823516846,0.23871003091335297,0.4384028911590576,0.6243970990180969,0.8223315477371216,0.9642505645751953,0.9911302328109741,0.9307689666748047,0.7944318056106567,0.5534807443618774,0.26030975580215454,0.017403462901711464,-0.15694314241409302,-0.4016883373260498,-0.8420288562774658,-1.4179885387420654,-1.996415376663208,-2.558286666870117,-3.1121950149536133,-3.6287074089050293,-4.1397318840026855
0.7047043442726135,0.7088420391082764,0.7525854110717773,0.7013512253761292,0.3990488648414612,-0.06718109548091888,-0.3860747516155243,-0.45169779658317566,-0.4080933928489685,-0.3652637004852295,-0.2918258309364319,-0.23225876688957214,-0.25319427251815796,-0.31899383664131165,-0.31123679876327515,-0.14284706115722656,0.048355892300605774,0.06873559951782227,-0.09303269535303116,-0.24939794838428497,-0.2746259570121765,-0.22813931107521057,-0.1103127971291542,0.1264849305152893,0.3975852429866791,0.5597322583198547,0.6186400651931763,0.651847779750824,0.7282310724258423,0.8131793737411499,0.795505702495575,0.6410988569259644,0.3902106285095215,0.0586790069937706,-0.37728676199913025,-0.8360848426818848,-1.240045189857483,-1.6260625123977661,-2.057771921157837,-2.597418785095215,-3.1478981971740723,-3.5709941387176514,-3.888975143432617
0.8037582635879517,0.7996382117271423,0.7488126158714294,0.6228289008140564,0.3542027771472931,-0.016065476462244987,-0.26383817195892334,-0.29981714487075806,-0.2513768970966339,-0.23792974650859833,-0.23824350535869598,-0.24782215058803558,-0.2966748774051666,-0.3667897582054138,-0.3428099751472473,-0.11756736785173416,0.13439339399337769,0.15476924180984497,-0.07008647173643112,-0.2958698570728302,-0.36024439334869385,-0.33980634808540344,-0.2305775284767151,0.02854071371257305,0.3297376036643982,0.49068596959114075,0.51398766040802,0.5167608857154846,0.5992416739463806,0.7116949558258057,0.7209600210189819,0.5979384183883667,0.37014687061309814,0.017509600147604942,-0.49669530987739563,-1.0169163942337036,-1.3986326456069946,-1.7106338739395142,-2.0798580646514893,-2.5937132835388184,-3.1227962970733643,-3.499476432800293,-3.750270128250122
0.8044829368591309,0.8188838958740234,0.7716079950332642,0.6560851335525513,0.4230855107307434,0.10326430201530457,-0.12009788304567337,-0.183550626039505,-0.17369690537452698,-0.15553732216358185,-0.10492414981126785,-0.07118728756904602,-0.1202680915594101,-0.21693448722362518,-0.2453424036502838,-0.13064730167388916,0.011035427451133728,0.026260729879140854,-0.08614737540483475,-0.20898407697677612,-0.28154104948043823,-0.3304794430732727,-0.2812678813934326,-0.06787510216236115,0.2050514668226242,0.3960314989089966,0.5272737145423889,0.6099615097045898,0.6436494588851929,0.6281207799911499,0.5443363189697266,0.3836871087551117,0.15789297223091125,-0.12476502358913422,-0.4757384955883026,-0.8561646342277527,-1.231760859489441,-1.6186132431030273,-2.0329995155334473,-2.5114190578460693,-2.992988109588623,-3.395555257797241,-3.774547815322876
0.7178740501403809,0.7594162225723267,0.7680930495262146,0.7109192609786987,0.5187005400657654,0.2312108725309372,0.016675414517521858,-0.08504998683929443,-0.11988697946071625,-0.08747074007987976,0.04244464263319969,0.14519371092319489,0.10279189795255661,-0.024457890540361404,-0.1158490777015686,-0.13545681536197662,-0.12835732102394104,-0.11907070130109787,-0.09409213066101074,-0.08986050635576248,-0.16760388016700745,-0.2941509485244751,-0.3132723569869995,-0.15349997580051422,0.08465240150690079,0.3074520528316498,0.5589790344238281,0.7307215332984924,0.7096265554428101,0.5507780909538269,0.3589508533477783,0.14331166446208954,-0.09369967877864838,-0.29803186655044556,-0.45023950934410095,-0.6615141034126282,-1.0375292301177979,-1.527510404586792,-2.0102698802948,-2.4647393226623535,-2.90525484085083,-3.334505319595337,-3.832939386367798
0.5126063227653503,0.5753026008605957,0.6637570858001709,0.6905145645141602,0.5476585626602173,0.2937206029891968,0.09718769788742065,-0.011067992076277733,-0.060634709894657135,-0.02325998619198799,0.1324806958436966,0.2556332051753998,0.2062971293926239,0.05598251521587372,-0.0519983284175396,-0.07457377761602402,-0.06601908057928085,-0.056042395532131195,-0.026859188452363014,-0.028348304331302643,-0.14035460352897644,-0.319835901260376,-0.37098488211631775,-0.2036220133304596,0.055177100002765656,0.2829805016517639,0.5271191000938416,0.6862949728965759,0.6492633819580078,0.47039204835891724,0.26010453701019287,0.025444690138101578,-0.22634682059288025,-0.4292148947715759,-0.5604544878005981,-0.7518607974052429,-1.1259568929672241,-1.6240392923355103,-2.1156630516052246,-2.5931596755981445,-3.0457763671875,-3.4227657318115234,-3.78987193107605
0.14589254558086395,0.2268635332584381,0.43576157093048096,0.589013397693634,0.5121270418167114,0.29637882113456726,0.12424541264772415,0.026030950248241425,-0.024816684424877167,0.0087523702532053,0.15531806647777557,0.26885986328125,0.20475128293037415,0.038214366883039474,-0.041451841592788696,0.06272321939468384,0.20668452978134155,0.22316959500312805,0.12435078620910645,-0.016218747943639755,-0.19783952832221985,-0.4153543710708618,-0.4666290581226349,-0.22534792125225067,0.1182805523276329,0.33077046275138855,0.4458359479904175,0.49350911378860474,0.47411835193634033,0.387688010931015,0.24199378490447998,0.025861874222755432,-0.23952239751815796,-0.5139750838279724,-0.7979462742805481,-1.1163824796676636,-1.4859428405761719,-1.8988823890686035,-2.351743221282959,-2.9324960708618164,-3.4868252277374268,-3.7423839569091797,-3.7073211669921875
-0.2088068425655365,-0.11008566617965698,0.22765928506851196,0.5117440223693848,0.487274706363678,0.2859954237937927,0.13229940831661224,0.07417944073677063,0.05916581302881241,0.09493126720190048,0.20730920135974884,0.28416237235069275,0.19610482454299927,0.012279927730560303,-0.039579592645168304,0.18918167054653168,0.4675443172454834,0.49251070618629456,0.27019602060317993,-0.0019555119797587395,-0.23897995054721832,-0.4757978618144989,-0.519951581954956,-0.2168900966644287,0.19136618077754974,0.37172144651412964,0.340013325214386,0.2664245069026947,0.2762746214866638,0.3083600401878357,0.23967839777469635,0.027250975370407104,-0.2748640477657318,-0.631253719329834,-1.066609501838684,-1.5088627338409424,-1.8799760341644287,-2.2175371646881104,-2.617063045501709,-3.2376251220703125,-3.8189568519592285,-3.921826124191284,-3.496455669403076
-0.3910079598426819,-0.27167147397994995,0.17895039916038513,0.5663719177246094,0.5477058291435242,0.30084288120269775,0.14636965095996857,0.1859397143125534,0.2840774357318878,0.3455057442188263,0.39783984422683716,0.4007757902145386,0.26829493045806885,0.04906492307782173,-0.02089840918779373,0.2162087857723236,0.5144060850143433,0.5497308373451233,0.330463707447052,0.06068885326385498,-0.16799558699131012,-0.3941097557544708,-0.44223761558532715,-0.16155129671096802,0.20960630476474762,0.33172470331192017,0.20531746745109558,0.06553633511066437,0.11167461425065994,0.24527639150619507,0.21987229585647583,-0.06682049483060837,-0.4781724214553833,-0.886685311794281,-1.3213270902633667,-1.7547378540039062,-2.1550755500793457,-2.5368950366973877,-2.8940415382385254,-3.3173632621765137,-3.646721839904785,-3.5700318813323975,-3.0164928436279297
-0.4566379189491272,-0.31196796894073486,0.25408339500427246,0.735762357711792,0.6825675964355469,0.33025529980659485,0.1557353436946869,0.35156649351119995,0.6407500505447388,0.7512567043304443,0.717028796672821,0.6076517701148987,0.40597450733184814,0.12747302651405334,-0.00028526363894343376,0.16116836667060852,0.3997243046760559,0.4502066373825073,0.3295215666294098,0.16391098499298096,-0.0032306350767612457,-0.188441663980484,-0.24538886547088623,-0.05218582972884178,0.19921761751174927,0.2302750200033188,0.023435035720467567,-0.15743230283260345,-0.054465025663375854,0.20309919118881226,0.2126639187335968,-0.22534307837486267,-0.8306356072425842,-1.2855406999588013,-1.6097216606140137,-1.9383604526519775,-2.403470277786255,-2.939303159713745,-3.2601356506347656,-3.265042781829834,-3.076721429824829,-2.768146276473999,-2.2725722789764404
-0.44801419973373413,-0.29126399755477905,0.3423616886138916,0.8761361837387085,0.7866693139076233,0.34957122802734375,0.1657208800315857,0.5086719393730164,0.9729371070861816,1.117174506187439,0.9762392640113831,0.7461502552032471,0.5001556277275085,0.20890043675899506,0.04966223984956741,0.12369310855865479,0.27811872959136963,0.33224064111709595,0.3087100684642792,0.24870352447032928,0.14504624903202057,0.004182850010693073,-0.06105692312121391,0.03284832835197449,0.15640781819820404,0.12263498455286026,-0.09202302992343903,-0.2639710307121277,-0.14990867674350739,0.1268078237771988,0.12206322699785233,-0.40851157903671265,-1.1131244897842407,-1.5620299577713013,-1.7628428936004639,-1.9719491004943848,-2.444766044616699,-3.05523943901062,-3.3170228004455566,-2.9811582565307617,-2.391543388366699,-1.93341863155365,-1.552962064743042
-0.36609789729118347,-0.22853782773017883,0.37757694721221924,0.8873189091682434,0.7829679846763611,0.33833691477775574,0.18062283098697662,0.6263419389724731,1.1956231594085693,1.3253828287124634,1.0358939170837402,0.6767483353614807,0.453514963388443,0.26919490098953247,0.16490432620048523,0.18385660648345947,0.2557222247123718,0.2860551178455353,0.2930911183357239,0.2725803554058075,0.19674740731716156,0.08091063052415848,0.0058507416397333145,0.011347074061632156,0.04039483144879341,0.02802743762731552,-0.023505810648202896,-0.07770664244890213,-0.07491414248943329,-0.04715301841497421,-0.18403352797031403,-0.6262055039405823,-1.1594927310943604,-1.4868199825286865,-1.6058474779129028,-1.7232366800308228,-2.04953932762146,-2.4809892177581787,-2.6250576972961426,-2.265237331390381,-1.706333041191101,-1.3089051246643066,-1.0329809188842773
-0.203927144408226,-0.1090807393193245,0.3961796760559082,0.8209415078163147,0.7100881934165955,0.3057190179824829,0.19790494441986084,0.7244210839271545,1.3606836795806885,1.4430546760559082,0.965986967086792,0.4625667929649353,0.30933475494384766,0.3208877742290497,0.33139342069625854,0.3040752112865448,0.27904510498046875,0.26516085863113403,0.2695617973804474,0.25699421763420105,0.19183719158172607,0.09222045540809631,0.005262797698378563,-0.08241681754589081,-0.13870848715305328,-0.06898696720600128,0.17909684777259827,0.33278390765190125,0.1327689290046692,-0.29351502656936646,-0.6563225388526917,-0.8840802907943726,-1.0514960289001465,-1.1659185886383057,-1.2140363454818726,-1.2424612045288086,-1.3086533546447754,-1.3843488693237305,-1.3654736280441284,-1.1842312812805176,-0.9396105408668518,-0.7560171484947205,-0.6129196286201477
-0.05790291726589203,-0.0025328057818114758,0.37967047095298767,0.702293872833252,0.6033512949943542,0.2764805257320404,0.22103813290596008,0.7559185028076172,1.3767547607421875,1.4105511903762817,0.8305981755256653,0.2642025351524353,0.18975815176963806,0.36809277534484863,0.4756811857223511,0.4129692614078522,0.3074030578136444,0.25025856494903564,0.23661719262599945,0.21940390765666962,0.16837863624095917,0.09816896170377731,0.020189562812447548,-0.11429288983345032,-0.21621184051036835,-0.09484799206256866,0.33368316292762756,0.605006754398346,0.2532995045185089,-0.4900937080383301,-0.9947578310966492,-1.027379035949707,-0.8871667385101318,-0.8325210213661194,-0.8459137678146362,-0.8232643604278564,-0.6749565005302429,-0.44513243436813354,-0.29932451248168945,-0.3122561573982239,-0.38436269760131836,-0.4082747995853424,-0.3815780580043793
