src/assets/data/2021-04-20.json
{"header": { "parameterNumberName": "eastward_wind", "parameterUnit": "m.s-1", "parameterNumber": 2, "parameterCategory": 2, "nx": 124, "ny": 124, "numberPoints": 15376, "dx": 0.1858516129032258, "dy": 0.17743435483870967, "la1": 26.9247, "lo1": 90.9384, "la2": 4.92284, "lo2": 113.984, "refTime": "2021-04-{dd_th} 07:00:00" }, "data":
[rows 19 to 37 of 124, columns 0 to 42 of 124]
4.501670837402344,4.550500392913818,4.637569427490234,4.707130432128906,4.713403701782227,4.663317680358887,4.571022033691406,4.422407150268555,4.2305989265441895,4.089606761932373,4.006591796875,3.9791769981384277,4.0354814529418945,4.1729021072387695,4.376031398773193,4.661418914794922,5.013951301574707,5.317143440246582,5.557462692260742,5.745589256286621,5.851062774658203,5.862302780151367,5.859530925750732,5.879683494567871,5.908531188964844,6.031493186950684,6.362525463104248,6.69747257232666,6.741927623748779,6.51637601852417,6.191897392272949,5.833581924438477,5.416966438293457,5.109123706817627,5.02244758605957,4.971068859100342,4.750319480895996,4.448788642883301,3.8593521118164062,2.605250120162964,0.9134271144866943,-0.20780885219573975,-0.37009286880493164
4.286869049072266,4.366478443145752,4.379348278045654,4.348765850067139,4.322175979614258,4.298526763916016,4.234355926513672,4.071149826049805,3.8481085300445557,3.712340831756592,3.7036662101745605,3.762695789337158,3.8496079444885254,3.9728777408599854,4.132396697998047,4.332964897155762,4.570070743560791,4.808473110198975,5.063589096069336,5.301177024841309,5.4518022537231445,5.513795375823975,5.559112548828125,5.624363899230957,5.693406105041504,5.810837745666504,6.04974365234375,6.27781343460083,6.301511764526367,6.136480808258057,5.8856353759765625,5.578258037567139,5.206455707550049,4.911683082580566,4.779776096343994,4.670762062072754,4.447281837463379,4.200160026550293,3.655764102935791,2.3676512241363525,0.6022980213165283,-0.5027188658714294,-0.4722854495048523
4.07573938369751,4.184450149536133,4.087144374847412,3.9167473316192627,3.8490853309631348,3.871490478515625,3.8641200065612793,3.709163188934326,3.480828285217285,3.400829792022705,3.5714049339294434,3.8209524154663086,3.9633750915527344,4.024949550628662,4.066270351409912,4.094852447509766,4.11249303817749,4.2186479568481445,4.476593494415283,4.777933120727539,4.989460468292236,5.126256942749023,5.244352340698242,5.377004623413086,5.506626129150391,5.616603374481201,5.724517345428467,5.794812202453613,5.764151573181152,5.634762763977051,5.453014373779297,5.236042499542236,4.977874279022217,4.731816291809082,4.516210556030273,4.304597854614258,4.114138603210449,4.0341033935546875,3.6668667793273926,2.4839940071105957,0.792957067489624,-0.248795747756958,-0.14865542948246002
3.8598995208740234,3.978797435760498,3.8127448558807373,3.562896490097046,3.4917421340942383,3.5834109783172607,3.6446943283081055,3.5007948875427246,3.25882625579834,3.1994874477386475,3.4598515033721924,3.8077688217163086,3.986644744873047,4.0360517501831055,4.024196624755859,3.9387564659118652,3.7969117164611816,3.7908802032470703,4.008349418640137,4.306206226348877,4.532373428344727,4.7105302810668945,4.8756632804870605,5.054293632507324,5.229862689971924,5.339745044708252,5.361044883728027,5.328559398651123,5.273519992828369,5.189411163330078,5.0771355628967285,4.939967632293701,4.776246547698975,4.584260940551758,4.33832311630249,4.086366653442383,3.9486308097839355,4.0151753425598145,3.797819137573242,2.712001323699951,1.0923734903335571,0.08832339197397232,0.17224332690238953
3.6119136810302734,3.71059513092041,3.5542612075805664,3.3382468223571777,3.340235710144043,3.55841326713562,3.7180042266845703,3.5799639225006104,3.287050485610962,3.161115884780884,3.3185977935791016,3.5723447799682617,3.756312847137451,3.9166688919067383,4.003200531005859,3.9217705726623535,3.7326526641845703,3.6542887687683105,3.758686065673828,3.936065912246704,4.0946502685546875,4.252151012420654,4.41432523727417,4.593928813934326,4.780731678009033,4.900790214538574,4.92117977142334,4.894106864929199,4.8760600090026855,4.862367630004883,4.823457717895508,4.737265586853027,4.615906715393066,4.483592987060547,4.327208518981934,4.174843788146973,4.128866195678711,4.291457176208496,4.137509346008301,3.043978691101074,1.3664188385009766,0.30147677659988403,0.28544390201568604
3.373415231704712,3.436089515686035,3.3248822689056396,3.1924214363098145,3.291749954223633,3.640824317932129,3.8970894813537598,3.76845383644104,3.4262657165527344,3.2119789123535156,3.1986923217773438,3.285731315612793,3.4543511867523193,3.7518999576568604,3.9793429374694824,3.953556537628174,3.7789220809936523,3.653862714767456,3.612632989883423,3.615062713623047,3.6683530807495117,3.7768747806549072,3.914320468902588,4.078282833099365,4.2661309242248535,4.403804302215576,4.460498809814453,4.484339237213135,4.527664661407471,4.591527462005615,4.624939918518066,4.579652309417725,4.4831132888793945,4.4097981452941895,4.376161575317383,4.362165927886963,4.413763046264648,4.643699645996094,4.529222011566162,3.446685552597046,1.7514848709106445,0.6273829936981201,0.42992842197418213
3.2314586639404297,3.262080430984497,3.1867334842681885,3.1136579513549805,3.2521016597747803,3.628293037414551,3.9054806232452393,3.799833297729492,3.476346015930176,3.241658926010132,3.1365044116973877,3.1188182830810547,3.2480337619781494,3.5630602836608887,3.82747745513916,3.8553595542907715,3.7478461265563965,3.6208744049072266,3.4596047401428223,3.3072681427001953,3.2696967124938965,3.336205244064331,3.4564313888549805,3.622227191925049,3.832907199859619,3.996419906616211,4.075385570526123,4.127878665924072,4.217374324798584,4.347965240478516,4.445462703704834,4.443355560302734,4.378698348999023,4.337695598602295,4.339876651763916,4.361104488372803,4.437391757965088,4.6653218269348145,4.599915981292725,3.7340428829193115,2.3537399768829346,1.3489103317260742,0.8940905332565308
3.229294776916504,3.2325754165649414,3.1843795776367188,3.1438968181610107,3.249183177947998,3.519808769226074,3.722949504852295,3.6676206588745117,3.46356463432312,3.2961044311523438,3.176334857940674,3.105058193206787,3.1564526557922363,3.3462634086608887,3.5300240516662598,3.6262307167053223,3.6725881099700928,3.6021244525909424,3.323622703552246,3.0031802654266357,2.87105655670166,2.8955166339874268,3.0050721168518066,3.195343017578125,3.4614758491516113,3.6675491333007812,3.7585277557373047,3.819880485534668,3.943880081176758,4.134395599365234,4.292707443237305,4.34272575378418,4.324955940246582,4.297901630401611,4.265811443328857,4.229080677032471,4.2275800704956055,4.3002214431762695,4.246295928955078,3.8898086547851562,3.3236351013183594,2.700150966644287,1.8486835956573486
3.209385395050049,3.1809725761413574,3.1650567054748535,3.16371750831604,3.2335824966430664,3.3887100219726562,3.5052568912506104,3.483725070953369,3.3804755210876465,3.2787883281707764,3.175328254699707,3.086588144302368,3.0652496814727783,3.1056582927703857,3.182483434677124,3.331409215927124,3.5211644172668457,3.5187320709228516,3.1723427772521973,2.742830753326416,2.547501564025879,2.538184642791748,2.636287212371826,2.8466594219207764,3.157939910888672,3.398059844970703,3.497485637664795,3.5641837120056152,3.714411735534668,3.952542304992676,4.156393051147461,4.24367094039917,4.2559919357299805,4.20928430557251,4.065458297729492,3.8980019092559814,3.8306407928466797,3.8552942276000977,3.902035713195801,4.026630401611328,4.182155132293701,3.8947572708129883,2.6916110515594482
2.9962539672851562,2.9162697792053223,2.9569528102874756,3.042846441268921,3.146127223968506,3.29464054107666,3.3859121799468994,3.3187975883483887,3.153456211090088,3.02136492729187,2.9490647315979004,2.9009382724761963,2.861830711364746,2.825000762939453,2.836138963699341,2.9810454845428467,3.2015295028686523,3.2393479347229004,2.9494359493255615,2.576573610305786,2.4038491249084473,2.3845901489257812,2.4652600288391113,2.6646714210510254,2.964747905731201,3.1989564895629883,3.2976250648498535,3.369795322418213,3.5386104583740234,3.8146252632141113,4.042438507080078,4.125369071960449,4.110162734985352,3.967625141143799,3.5569822788238525,3.137549877166748,3.135071277618408,3.5641918182373047,4.002060890197754,4.246650695800781,4.382375717163086,4.053427219390869,2.764355182647705
2.6332192420959473,2.481743097305298,2.603610038757324,2.821469306945801,3.009937286376953,3.2263011932373047,3.3292593955993652,3.1471991539001465,2.7870028018951416,2.550366163253784,2.5346155166625977,2.5874056816101074,2.5721030235290527,2.496279716491699,2.458195686340332,2.5550174713134766,2.7271413803100586,2.7939047813415527,2.6701536178588867,2.495877981185913,2.4193289279937744,2.4097049236297607,2.4674973487854004,2.6314611434936523,2.8754968643188477,3.0711379051208496,3.1590447425842285,3.2340195178985596,3.415383815765381,3.7249462604522705,3.961327075958252,4.004889488220215,3.911439895629883,3.5981130599975586,2.762202739715576,1.95865797996521,2.119668960571289,3.337859630584717,4.4274444580078125,4.524167060852051,4.066633224487305,3.4047513008117676,2.239196300506592
2.3440675735473633,2.1614983081817627,2.312352180480957,2.5818772315979004,2.811776876449585,3.0725584030151367,3.194366931915283,2.9658546447753906,2.51939058303833,2.2387583255767822,2.256011962890625,2.3613507747650146,2.3590331077575684,2.2661924362182617,2.1947481632232666,2.2258987426757812,2.3137712478637695,2.3772239685058594,2.392483711242676,2.3947391510009766,2.4052035808563232,2.40910267829895,2.453012228012085,2.5912675857543945,2.791771173477173,2.9612436294555664,3.058539390563965,3.148895740509033,3.317812204360962,3.590681552886963,3.7803730964660645,3.7841098308563232,3.6472623348236084,3.2402288913726807,2.1565499305725098,1.1388800144195557,1.4397212266921997,3.20835280418396,4.744965553283691,4.7347941398620605,3.8577375411987305,2.9519693851470947,1.8559720516204834
2.337139844894409,2.2177021503448486,2.2664389610290527,2.384812831878662,2.533437490463257,2.7529830932617188,2.89249849319458,2.7990410327911377,2.564420223236084,2.401869297027588,2.379638195037842,2.3910231590270996,2.341609001159668,2.2382545471191406,2.141382932662964,2.0835018157958984,2.048828125,2.0505387783050537,2.1068406105041504,2.1845993995666504,2.2321574687957764,2.244325637817383,2.292363166809082,2.440903425216675,2.6530895233154297,2.8443470001220703,3.003807544708252,3.140516996383667,3.2429847717285156,3.3203177452087402,3.3427751064300537,3.3221323490142822,3.2449264526367188,2.9397940635681152,2.033891201019287,1.2010765075683594,1.559545636177063,3.247185230255127,4.7266387939453125,4.839722633361816,4.179702281951904,3.3486642837524414,2.0919482707977295
2.419543743133545,2.4085826873779297,2.2984671592712402,2.1771175861358643,2.192408561706543,2.3361902236938477,2.4958877563476562,2.6186716556549072,2.7276647090911865,2.757197856903076,2.6683733463287354,2.528550148010254,2.4177868366241455,2.3259339332580566,2.221615791320801,2.0639071464538574,1.8802058696746826,1.7868890762329102,1.8375060558319092,1.9444489479064941,2.007857322692871,2.030186653137207,2.0931692123413086,2.265056610107422,2.5072128772735596,2.7369155883789062,2.9802258014678955,3.1764028072357178,3.1879026889801025,2.998995542526245,2.8005993366241455,2.7603137493133545,2.785804033279419,2.6750717163085938,2.161068916320801,1.7152992486953735,2.0901830196380615,3.3814051151275635,4.542022705078125,4.856264114379883,4.6774773597717285,4.057273864746094,2.556082248687744
2.190570831298828,2.240067720413208,2.0735483169555664,1.8615220785140991,1.822351336479187,1.9248378276824951,2.092806100845337,2.3332595825195312,2.6300735473632812,2.780040979385376,2.6912214756011963,2.5172312259674072,2.428697347640991,2.4142842292785645,2.359896659851074,2.1552484035491943,1.8678176403045654,1.6987844705581665,1.7214939594268799,1.821298599243164,1.8876008987426758,1.9291781187057495,2.0093741416931152,2.177727222442627,2.40618634223938,2.6355183124542236,2.9163057804107666,3.1445064544677734,3.1149230003356934,2.8015785217285156,2.500297784805298,2.4457037448883057,2.512911558151245,2.516969919204712,2.281799793243408,2.1110785007476807,2.4713666439056396,3.427741765975952,4.306340217590332,4.714964389801025,4.833315372467041,4.354126930236816,2.7306597232818604
1.4336485862731934,1.4773123264312744,1.4159177541732788,1.3458621501922607,1.376233696937561,1.4915332794189453,1.6532855033874512,1.8708953857421875,2.1315040588378906,2.3045430183410645,2.3224852085113525,2.300464153289795,2.387470006942749,2.600447177886963,2.716599464416504,2.5260162353515625,2.152662754058838,1.9001364707946777,1.8503780364990234,1.8854354619979858,1.9288668632507324,1.9957704544067383,2.089411735534668,2.2067112922668457,2.349120616912842,2.5166149139404297,2.7679829597473145,2.9917044639587402,2.997175455093384,2.7697865962982178,2.5425655841827393,2.4896485805511475,2.519845485687256,2.527975082397461,2.4041852951049805,2.3395323753356934,2.6354336738586426,3.3403549194335938,3.9913768768310547,4.3606462478637695,4.542510509490967,4.1155104637146,2.5224647521972656
0.6194167137145996,0.6321176886558533,0.7077789902687073,0.8286582231521606,0.9533653259277344,1.0921467542648315,1.2390553951263428,1.386948585510254,1.539528727531433,1.6965367794036865,1.840246558189392,2.0050458908081055,2.270167589187622,2.680734872817993,2.9525606632232666,2.8180809020996094,2.433116912841797,2.145547866821289,2.025775194168091,1.9836634397506714,2.0055458545684814,2.1100246906280518,2.226337194442749,2.2899329662323,2.336487054824829,2.430238962173462,2.6306591033935547,2.8336985111236572,2.892667055130005,2.810419797897339,2.7044639587402344,2.6465516090393066,2.601377487182617,2.573218584060669,2.516784906387329,2.5178678035736084,2.7394227981567383,3.221188545227051,3.6547861099243164,3.9129559993743896,4.040942668914795,3.6226630210876465,2.1426727771759033
0.2984292209148407,0.28297919034957886,0.3890708088874817,0.5579755306243896,0.6981329321861267,0.8282923698425293,0.9537353515625,1.0609530210494995,1.1599231958389282,1.2995688915252686,1.496439814567566,1.7243752479553223,1.9769481420516968,2.2896976470947266,2.505815029144287,2.473767042160034,2.281571865081787,2.12139892578125,2.0080912113189697,1.9380114078521729,1.9809646606445312,2.1513195037841797,2.3197667598724365,2.3785040378570557,2.3868958950042725,2.446958541870117,2.618931770324707,2.802438735961914,2.874694347381592,2.847409725189209,2.77805495262146,2.674654245376587,2.5385379791259766,2.4819633960723877,2.5328080654144287,2.6553761959075928,2.8523786067962646,3.1666440963745117,3.4120326042175293,3.517629861831665,3.5050928592681885,3.055088758468628,1.733400821685791
0.4223836064338684,0.3715417683124542,0.41265004873275757,0.5043915510177612,0.5892853140830994,0.6809707880020142,0.773983359336853,0.8518250584602356,0.9254449605941772,1.0359810590744019,1.2322394847869873,1.4244335889816284,1.4748525619506836,1.3705949783325195,1.3049495220184326,1.4460880756378174,1.69708251953125,1.854900598526001,1.8203959465026855,1.7576613426208496,1.8625390529632568,2.135746479034424,2.3921260833740234,2.489368200302124,2.505253791809082,2.562741756439209,2.7232766151428223,2.8870112895965576,2.940868854522705,2.899412155151367,2.7989912033081055,2.608520984649658,2.3542604446411133,2.2672348022460938,2.4596948623657227,2.7551231384277344,2.9740777015686035,3.1754565238952637,3.2581682205200195,3.1562654972076416,2.897545337677002,2.3679022789001465,1.2606725692749023
