src/assets/data/init2021042400/wind_stream/u10v10_d01_2021042411.json
{"header": { "parameterNumberName": "eastward_wind", "parameterUnit": "m.s-1", "parameterNumber": 2, "parameterCategory": 2, "nx": 124, "ny": 124, "numberPoints": 15376, "dx": 0.1858516129032258, "dy": 0.17743435483870967, "la1": 26.9247, "lo1": 90.9384, "la2": 4.92284, "lo2": 113.984, "refTime": "2021-04-{dd_th} 11:00:00" }, "data":
[rows 76 to 94 of 124, columns 43 to 85 of 124]
-0.05152458697557449,2.220031261444092,1.7987421751022339,1.4124397039413452,1.636573314666748,1.0250836610794067,0.8353763818740845,1.7938977479934692,1.8463536500930786,1.0125877857208252,1.207977294921875,2.5574913024902344,2.372898578643799,0.47880077362060547,-0.0983717069029808,0.20811079442501068,-0.2697000503540039,-0.5201823115348816,0.22790594398975372,1.1061782836914062,1.1796153783798218,1.2295759916305542,1.9152177572250366,0.6517710089683533,-0.925605058670044,-0.042626865208148956,1.4476286172866821,2.289646625518799,2.5204060077667236,3.06512188911438,3.6963794231414795,3.6260902881622314,1.557196855545044,-0.8074726462364197,-0.6680727601051331,-1.4756444692611694,-2.9890050888061523,-2.54721736907959,-2.5844476222991943,-3.029531955718994,-3.3050341606140137,-3.641059398651123,-4.05889368057251
0.20370544493198395,1.883028268814087,2.0565526485443115,1.1856670379638672,1.0904977321624756,1.3069179058074951,0.8982800841331482,1.6345118284225464,1.5100526809692383,0.8051702380180359,1.2902178764343262,2.4558966159820557,2.6675498485565186,0.29379215836524963,-0.3465847074985504,0.48999112844467163,-0.23786437511444092,-0.01988723687827587,0.37605512142181396,0.6791935563087463,1.3575761318206787,2.2110824584960938,2.364023447036743,-0.14207714796066284,-0.92391437292099,0.8254885077476501,1.9569249153137207,2.481348752975464,2.60068416595459,2.967151641845703,3.19602370262146,2.0806074142456055,-0.23825743794441223,-0.86986243724823,0.25929298996925354,-1.248918056488037,-2.9183571338653564,-2.0450592041015625,-2.334652900695801,-2.6891627311706543,-2.9600472450256348,-3.293203830718994,-3.7212016582489014
0.7866159081459045,1.9279303550720215,2.2851643562316895,1.534271478652954,0.7354477643966675,1.1736618280410767,0.8404654264450073,1.1494290828704834,1.6947990655899048,0.9615647792816162,1.3327785730361938,2.58907413482666,2.5649662017822266,0.14039605855941772,0.060372985899448395,1.263321876525879,0.5912231206893921,0.587709903717041,0.9462618231773376,1.2820512056350708,1.5662143230438232,2.3332345485687256,2.583674669265747,0.9107523560523987,0.7153457999229431,1.7063853740692139,2.3150901794433594,2.684267282485962,2.0340218544006348,1.4652223587036133,1.5994923114776611,1.2487210035324097,0.8939263820648193,0.4219959080219269,0.456310510635376,-1.2173950672149658,-2.5517184734344482,-1.6160117387771606,-2.070791244506836,-2.414874792098999,-2.726837158203125,-3.0291202068328857,-3.3928511142730713
0.5632908344268799,1.4530720710754395,2.4793388843536377,2.103442907333374,-0.03473284840583801,-0.01729517988860607,0.7572234272956848,0.964661717414856,1.7005451917648315,1.3214398622512817,1.538789987564087,2.927915334701538,2.580554723739624,-0.08200499415397644,-0.08404491096735,1.9151196479797363,1.878206729888916,1.3581898212432861,1.6501967906951904,2.1118643283843994,2.0746185779571533,2.3875086307525635,2.931516170501709,2.235325336456299,2.2449512481689453,2.294151544570923,2.276538372039795,2.4855637550354004,0.7750116586685181,-0.5117675065994263,0.8839101195335388,1.8740103244781494,1.8100087642669678,0.6928492784500122,0.27860012650489807,-0.17610841989517212,-1.398931622505188,-1.520638108253479,-1.7850984334945679,-2.135524034500122,-2.4861302375793457,-2.8258888721466064,-3.108072519302368
0.39753997325897217,0.9916621446609497,2.248412609100342,1.2021169662475586,-0.8310447931289673,-0.23872974514961243,0.68865966796875,1.4289790391921997,1.7550970315933228,1.5276365280151367,1.9478871822357178,3.3045079708099365,3.4245893955230713,0.704372227191925,-0.13568848371505737,1.836881160736084,2.9244987964630127,2.5929372310638428,2.4500248432159424,2.6880390644073486,2.6624655723571777,2.7048473358154297,3.056262493133545,2.783816337585449,2.5558066368103027,2.34139347076416,2.262669324874878,2.0341763496398926,0.874304473400116,0.5878049731254578,1.6553208827972412,2.2681784629821777,1.5018253326416016,0.3080913722515106,0.28346338868141174,0.3963128328323364,-1.3069934844970703,-2.2216501235961914,-1.6511647701263428,-1.8193657398223877,-2.2296714782714844,-2.5649287700653076,-2.880283832550049
0.4445730745792389,0.6250993013381958,1.8294074535369873,1.0753048658370972,-0.18850171566009521,-0.002992263063788414,0.9113144278526306,1.7502387762069702,1.9134517908096313,1.7815959453582764,1.8993067741394043,2.705487012863159,3.457216262817383,1.8142261505126953,0.4932807683944702,1.512757420539856,2.6765973567962646,3.127070188522339,3.021360158920288,3.0579309463500977,3.0512235164642334,3.0775513648986816,3.1480846405029297,3.283891439437866,3.103149652481079,2.5938291549682617,2.3650665283203125,2.123262405395508,1.9989314079284668,2.2251951694488525,2.6720592975616455,2.082958221435547,0.44278109073638916,0.2022424340248108,0.0589350163936615,-0.11647236347198486,-1.7986088991165161,-2.643890142440796,-1.42071533203125,-1.6682283878326416,-1.8337764739990234,-2.251751184463501,-2.636317729949951
1.3782942295074463,0.7530430555343628,1.356387734413147,1.4152337312698364,0.054636869579553604,0.2617426812648773,1.5153777599334717,1.8803386688232422,2.0374953746795654,2.0474774837493896,1.989047646522522,2.393061637878418,3.0288190841674805,2.2164838314056396,1.0707480907440186,1.6505309343338013,2.054190158843994,2.345634698867798,3.021665096282959,3.1141083240509033,3.0188071727752686,2.806422472000122,2.7670745849609375,3.2315449714660645,3.5258445739746094,2.9692587852478027,2.2988598346710205,2.735241174697876,3.2722134590148926,3.0704948902130127,2.954087734222412,1.8603124618530273,0.17004020512104034,-0.4325755834579468,-0.8418118357658386,-0.6571462154388428,-1.7276253700256348,-2.203361749649048,-1.2314212322235107,-1.3515492677688599,-1.6223069429397583,-1.9240303039550781,-2.3718292713165283
1.9149425029754639,1.5423407554626465,1.3566404581069946,1.4381139278411865,0.5782045722007751,0.4155990183353424,1.4447429180145264,2.5709028244018555,2.617542266845703,2.1193130016326904,2.1637279987335205,2.326714277267456,2.471815347671509,2.107929229736328,1.7894270420074463,1.9380607604980469,1.7194429636001587,1.898405909538269,2.77805757522583,3.260371685028076,3.1071693897247314,2.5940592288970947,2.5565073490142822,3.202382802963257,3.8048601150512695,3.520677089691162,3.036484718322754,3.5398612022399902,3.841095209121704,3.250699996948242,2.4427483081817627,1.7577159404754639,-0.20982769131660461,-1.7734516859054565,-1.279611587524414,-0.7205488085746765,-1.4240970611572266,-1.9200971126556396,-1.3522604703903198,-1.1832002401351929,-1.3984756469726562,-1.8228662014007568,-2.1863512992858887
1.8438674211502075,1.9964300394058228,1.8849536180496216,1.4143518209457397,0.5722449421882629,0.6326037049293518,1.2665610313415527,1.913497805595398,1.9843729734420776,2.2897253036499023,2.685224771499634,2.442391872406006,2.1129231452941895,2.0162549018859863,2.41310977935791,2.660048007965088,1.896911382675171,1.6153286695480347,2.5153913497924805,3.3464221954345703,3.125501871109009,2.515090227127075,2.6139636039733887,3.2273623943328857,3.727658271789551,4.126175403594971,4.2314252853393555,4.140883445739746,3.8258602619171143,3.207972288131714,2.1255810260772705,0.91933673620224,-0.9540337920188904,-1.6275856494903564,-0.9364745020866394,-0.6961291432380676,-1.2091997861862183,-1.6653203964233398,-1.4534130096435547,-1.4733643531799316,-1.5557897090911865,-1.7370085716247559,-2.1637704372406006
2.3298511505126953,2.263122797012329,2.506192445755005,2.5441794395446777,1.0116108655929565,0.41427183151245117,1.2099376916885376,1.5535413026809692,1.6406660079956055,2.3724095821380615,2.9098570346832275,3.182311773300171,2.4054665565490723,1.946600317955017,2.5878517627716064,3.0120644569396973,2.735164165496826,1.7949906587600708,1.8429391384124756,2.9974379539489746,3.084455966949463,2.6137349605560303,2.9106247425079346,3.6154677867889404,3.818826198577881,3.9454126358032227,4.492981433868408,4.654299259185791,3.8830175399780273,2.8184001445770264,1.5637552738189697,-0.05177177116274834,-1.1068594455718994,-1.3550831079483032,-1.0216455459594727,-0.8675826787948608,-1.2815721035003662,-1.5521882772445679,-1.5508825778961182,-1.6754943132400513,-1.8228085041046143,-2.103268623352051,-2.355564594268799
2.574530839920044,2.429316520690918,2.838073492050171,2.896859884262085,1.1623116731643677,-0.10036473721265793,1.053078293800354,1.4084405899047852,1.170292615890503,2.3353538513183594,2.7559080123901367,3.0574920177459717,2.516418933868408,1.6751567125320435,2.2083945274353027,3.1189486980438232,3.435495376586914,2.5942745208740234,1.4338630437850952,2.1087124347686768,2.792619228363037,2.6680853366851807,3.1668262481689453,3.849729537963867,4.118955135345459,3.955355405807495,3.952035665512085,4.073151111602783,2.8804678916931152,1.4500377178192139,1.2129067182540894,-0.0849715992808342,-0.6593019366264343,-0.6258613467216492,-1.1613143682479858,-1.230373501777649,-1.4624547958374023,-1.7151182889938354,-1.9028412103652954,-2.005889654159546,-2.3613955974578857,-2.7351016998291016,-2.6910781860351562
2.443817615509033,2.6150355339050293,3.185884952545166,3.3470747470855713,1.322750210762024,-0.33237558603286743,0.9473572373390198,1.0273139476776123,0.760989248752594,2.0060133934020996,2.67659330368042,3.3003430366516113,2.9943597316741943,1.8546279668807983,1.9997119903564453,2.738046169281006,3.2504336833953857,2.822422981262207,1.5275602340698242,1.5597487688064575,2.3349428176879883,2.7626702785491943,3.445059299468994,4.265379905700684,4.565587997436523,4.021543025970459,3.2062389850616455,2.725399971008301,1.971187949180603,1.764976143836975,1.9103459119796753,0.6215797662734985,-0.5134936571121216,-1.0487534999847412,-1.6689989566802979,-1.8404943943023682,-1.779856562614441,-1.888846755027771,-2.1666603088378906,-2.4449543952941895,-3.029615640640259,-3.3250503540039062,-2.9328277111053467
2.7688417434692383,3.095911979675293,3.474755048751831,3.810478925704956,1.9929505586624146,0.0059021227061748505,0.7354509234428406,0.5507922172546387,0.2680915892124176,1.3464869260787964,2.4084665775299072,3.1798088550567627,2.6081795692443848,1.5582072734832764,1.9820693731307983,2.7959177494049072,3.476245403289795,2.9799163341522217,1.96567964553833,1.5746777057647705,1.8694097995758057,2.6125757694244385,3.5478873252868652,4.343074798583984,4.937205791473389,4.010716438293457,2.21095871925354,1.6268839836120605,1.7831666469573975,2.042628526687622,1.5591635704040527,-0.2587970793247223,-1.7348729372024536,-1.9515066146850586,-2.092754364013672,-2.393911361694336,-2.1956825256347656,-2.107793092727661,-2.5367629528045654,-3.1324121952056885,-3.5698928833007812,-3.4895970821380615,-3.4032814502716064
2.803527593612671,3.384352684020996,3.7692782878875732,3.783254384994507,2.613107919692993,0.9248825311660767,0.7411817312240601,0.7812608480453491,0.5567989349365234,1.3899502754211426,2.4535317420959473,3.191450595855713,2.708312749862671,1.747847318649292,2.2964565753936768,3.3448777198791504,3.5009708404541016,2.7858104705810547,2.0752475261688232,1.6264729499816895,1.6406162977218628,2.5173251628875732,3.3978922367095947,3.9024887084960938,4.400614261627197,3.8320491313934326,2.2359766960144043,1.359818696975708,1.3689298629760742,1.1829569339752197,-0.03657584637403488,-1.7338826656341553,-2.724461555480957,-2.569586753845215,-2.563652515411377,-2.782329797744751,-2.6714365482330322,-2.4424285888671875,-2.9294042587280273,-3.6699721813201904,-3.857881784439087,-3.545480489730835,-3.0587587356567383
2.9341814517974854,3.671466588973999,3.7838120460510254,3.7152903079986572,2.7826478481292725,1.6779195070266724,1.7623169422149658,2.0287814140319824,1.5580710172653198,1.8062697649002075,2.793832540512085,3.287837028503418,2.848862409591675,2.629612922668457,3.0002944469451904,3.5822064876556396,3.7551183700561523,3.0791873931884766,2.123657703399658,1.640727162361145,1.7416375875473022,2.597259521484375,3.3817145824432373,3.679966926574707,3.6471760272979736,3.0986673831939697,1.3971446752548218,0.45756810903549194,1.2469556331634521,1.2140769958496094,-1.003257155418396,-2.9923598766326904,-2.897564649581909,-2.7687816619873047,-2.772207498550415,-2.8547327518463135,-2.8524105548858643,-2.909027576446533,-3.379950761795044,-3.7709739208221436,-3.313321590423584,-2.2393250465393066,-1.7801792621612549
2.956360340118408,3.414170026779175,3.5703961849212646,3.239313840866089,2.1142776012420654,1.7229095697402954,2.1683831214904785,3.1167538166046143,3.1905901432037354,2.2694036960601807,3.109410285949707,3.1915059089660645,2.394350528717041,2.638629913330078,3.0761282444000244,3.6684162616729736,3.7695109844207764,3.5494437217712402,2.6455585956573486,1.760176181793213,1.6756998300552368,2.2638726234436035,3.0629594326019287,3.381295919418335,3.273524045944214,1.5289899110794067,-0.021140912547707558,0.8386533856391907,2.5080618858337402,1.7895764112472534,-2.240396022796631,-3.1808321475982666,-2.597559928894043,-2.780000925064087,-2.835724115371704,-3.0279808044433594,-3.257445812225342,-3.363337993621826,-3.6275057792663574,-3.5234386920928955,-2.8046162128448486,-2.176907539367676,-1.7963258028030396
2.763003349304199,3.026524066925049,3.4714653491973877,3.2906877994537354,2.34098482131958,1.976881742477417,2.557905435562134,3.5029046535491943,4.1022515296936035,3.081533670425415,2.0983076095581055,2.563178539276123,2.645055055618286,3.031226873397827,3.5179128646850586,3.9707179069519043,3.924449920654297,3.265040159225464,2.5946450233459473,2.2803361415863037,1.8041223287582397,1.954280138015747,2.645902156829834,3.1976256370544434,2.097764492034912,0.13334116339683533,0.46499398350715637,3.20164155960083,3.39066219329834,-0.9210147261619568,-3.679306983947754,-2.838925838470459,-2.571143388748169,-2.747664451599121,-2.9766502380371094,-3.395413637161255,-3.6938116550445557,-3.4571681022644043,-3.1456589698791504,-2.701758623123169,-2.1688129901885986,-1.5920886993408203,-1.300343632698059
2.4842543601989746,3.0932984352111816,3.514432668685913,3.2448859214782715,2.6692819595336914,2.549323320388794,3.5658981800079346,3.779254913330078,4.6262431144714355,3.281310796737671,1.020199179649353,1.5410022735595703,2.6736629009246826,3.4275636672973633,3.803959846496582,4.2479567527771,3.6718857288360596,2.537503957748413,2.507458209991455,2.8760411739349365,2.5298659801483154,2.2121739387512207,2.4111366271972656,1.8766764402389526,0.250669926404953,0.17007437348365784,1.2042397260665894,4.957605361938477,3.024705648422241,-2.866394519805908,-3.114227771759033,-2.061556100845337,-2.094667434692383,-2.546281576156616,-2.5604474544525146,-2.7925655841827393,-2.564954996109009,-2.2399401664733887,-2.0743980407714844,-1.5931307077407837,-1.3146121501922607,-1.0043078660964966,-0.7680379748344421
2.0930397510528564,2.8914308547973633,3.800837993621826,3.719967842102051,3.028315782546997,2.9756789207458496,3.712214708328247,3.804034471511841,4.453190803527832,3.574479579925537,1.5097512006759644,1.3997950553894043,2.1092982292175293,3.1514718532562256,4.016193866729736,4.107034206390381,3.3697054386138916,2.5569674968719482,2.8610973358154297,2.8967840671539307,1.6362704038619995,1.201479434967041,1.5179821252822876,0.2640671730041504,-0.6248143315315247,0.29094958305358887,2.1867644786834717,3.462362289428711,-0.5938186645507812,-3.3372015953063965,-2.297437906265259,-1.857564091682434,-1.7338147163391113,-1.8212394714355469,-2.18122935295105,-2.2922921180725098,-1.5715899467468262,-1.181312084197998,-1.0141663551330566,-0.6135243773460388,-0.6204402446746826,-0.5114555358886719,-0.30102425813674927
