src/assets/data/init2021042400/wind_stream/u10v10_d01_2021042411.json
{"header": { "parameterNumberName": "northward_wind", "parameterUnit": "m.s-1", "parameterNumber": 3, "parameterCategory": 2, "nx": 124, "ny": 124, "numberPoints": 15376, "dx": 0.1858516129032258, "dy": 0.17743435483870967, "la1": 26.9247, "lo1": 90.9384, "la2": 4.92284, "lo2": 113.984, "refTime": "2021-04-{dd_th} 11:00:00" }, "data":
[rows 19 to 37 of 124, columns 43 to 85 of 124]
0.9571835398674011,0.7702739238739014,0.8997189402580261,0.8736435174942017,1.2073980569839478,1.151901364326477,-0.3131231367588043,0.047687578946352005,1.0689679384231567,1.8476272821426392,2.2560858726501465,2.151592969894409,1.9169007539749146,1.4836349487304688,1.1616095304489136,1.0432192087173462,1.0272194147109985,1.0649821758270264,0.9285298585891724,1.4331889152526855,2.088665246963501,2.2862682342529297,2.2820651531219482,1.8581758737564087,1.6812782287597656,1.783310890197754,1.7776341438293457,1.730443000793457,1.8855311870574951,2.205113172531128,2.6490979194641113,3.145395278930664,3.8215036392211914,3.844203472137451,3.811771869659424,3.711719512939453,3.6251580715179443,3.599551200866699,3.582939624786377,3.536893606185913,3.4931492805480957,3.4937751293182373,3.5395967960357666
0.9648686051368713,1.001547932624817,1.1867170333862305,1.4099721908569336,1.3855639696121216,0.23450547456741333,0.2616689205169678,0.8427824378013611,1.3196594715118408,1.6494829654693604,1.9638490676879883,1.9419292211532593,1.8924015760421753,1.8734238147735596,1.6952002048492432,1.5456815958023071,0.852069616317749,0.16536405682563782,0.43708351254463196,1.1202048063278198,1.934019684791565,2.538245916366577,2.7557897567749023,2.4223523139953613,2.3272533416748047,2.0550174713134766,1.9942189455032349,2.1516549587249756,2.2600202560424805,2.4652493000030518,2.9271318912506104,3.1786510944366455,3.59574031829834,4.740957260131836,4.2478556632995605,4.081342697143555,4.048454761505127,3.9319097995758057,3.792123556137085,3.7024011611938477,3.658371686935425,3.640094757080078,3.6331398487091064
1.03995943069458,1.4441102743148804,1.5964404344558716,1.2976346015930176,0.8494917154312134,-0.030651623383164406,0.7683137059211731,1.1708325147628784,1.3909070491790771,1.561806559562683,1.83596932888031,2.3690829277038574,2.231551170349121,2.092270612716675,2.33571457862854,2.396538019180298,1.7266223430633545,0.3885522782802582,0.9733706712722778,1.440229892730713,1.988749623298645,2.115908622741699,2.114264726638794,2.2916758060455322,2.622257947921753,2.618556022644043,2.3923227787017822,2.3031070232391357,2.4563355445861816,2.70682692527771,3.049267530441284,3.3648669719696045,2.9014110565185547,4.069150924682617,4.98021125793457,4.4005126953125,4.264228343963623,4.263367652893066,4.1843342781066895,4.036678791046143,3.9104456901550293,3.8121843338012695,3.7226452827453613
1.1036309003829956,1.4869619607925415,1.3752460479736328,0.9099327921867371,0.7812340259552002,1.2573570013046265,1.440048098564148,1.4053852558135986,1.3564720153808594,1.3420207500457764,1.3705289363861084,1.6512956619262695,1.882502555847168,2.0079827308654785,2.401201009750366,2.729665756225586,3.046600818634033,3.073690891265869,1.652496337890625,1.5404384136199951,1.9520931243896484,2.512115955352783,2.4136245250701904,2.4850056171417236,2.4113121032714844,2.527820348739624,2.409430742263794,2.2522389888763428,2.461885452270508,2.808889389038086,3.043226480484009,3.33709979057312,2.604628086090088,2.796083927154541,4.362154483795166,5.041658878326416,4.356158256530762,3.9780375957489014,3.8952789306640625,3.944793701171875,3.9241244792938232,3.822387456893921,3.694265604019165
0.7416518330574036,1.7295913696289062,1.6854732036590576,1.0603998899459839,0.3433266580104828,0.9185247421264648,1.545165777206421,1.4740355014801025,1.1870849132537842,0.8630117774009705,0.6749171614646912,0.6658841371536255,1.0691256523132324,1.6338884830474854,2.0237505435943604,2.218409299850464,2.739142894744873,3.5422682762145996,2.653034210205078,2.3035669326782227,2.6174163818359375,2.814021348953247,2.2085001468658447,2.1938304901123047,1.6842021942138672,1.704931616783142,1.9398800134658813,2.1942367553710938,2.461672067642212,2.792778968811035,3.0405375957489014,3.199491500854492,2.437709331512451,2.4810597896575928,3.0938477516174316,4.341564655303955,4.928845405578613,4.325027942657471,4.127065181732178,4.170904636383057,4.1548991203308105,3.9835259914398193,3.7025647163391113
0.12946408987045288,1.1073992252349854,2.6607580184936523,2.092778444290161,0.7086515426635742,0.6546810865402222,1.2126470804214478,1.220213532447815,0.8460108637809753,0.4131682515144348,0.24193893373012543,0.15494704246520996,0.41246819496154785,0.9411479234695435,1.3439230918884277,1.5552791357040405,1.5568898916244507,1.4861139059066772,2.347299814224243,2.3456342220306396,1.9179809093475342,0.4487036168575287,0.10460013896226883,0.5059985518455505,0.8168140053749084,1.0297071933746338,1.4119435548782349,1.99787175655365,2.483818769454956,2.7851600646972656,3.029356002807617,3.297445774078369,2.3644137382507324,2.00319242477417,2.4536073207855225,3.002662181854248,4.336588382720947,4.584982395172119,4.589706897735596,4.721757411956787,4.137918949127197,3.822448968887329,3.615828037261963
-0.1112850159406662,-0.6349307894706726,1.4451816082000732,2.1464552879333496,1.844712734222412,1.424928069114685,1.2381466627120972,1.0240659713745117,0.6255087852478027,0.24106809496879578,-0.010821058414876461,-0.0417121984064579,0.03667739778757095,0.4699244499206543,0.9730461835861206,0.7975108027458191,0.6673085689544678,0.532865583896637,0.9756197929382324,0.9839251041412354,0.040522679686546326,-0.6294106841087341,-0.14483821392059326,0.2633938491344452,1.1938670873641968,1.4244608879089355,1.5417959690093994,1.9069364070892334,2.2576076984405518,2.6394035816192627,3.071575403213501,3.194167137145996,2.713198661804199,2.502855062484741,2.4026834964752197,2.425253391265869,2.9503519535064697,3.5691306591033936,3.7572057247161865,4.9194111824035645,4.430095672607422,4.050013065338135,3.756704092025757
-0.37798213958740234,-0.913657009601593,0.7373271584510803,1.779342532157898,1.9979673624038696,1.7349838018417358,1.3482002019882202,0.9638165831565857,0.5452708601951599,0.1609271764755249,-0.12406808882951736,-0.12830427289009094,-0.1393098384141922,-0.19160620868206024,0.27934035658836365,0.12035635113716125,-0.2167743593454361,-0.18924392759799957,0.24956315755844116,0.4608343839645386,0.32744941115379333,0.5775726437568665,0.6645097136497498,0.9442023634910583,1.5143448114395142,2.099421739578247,2.3010928630828857,2.218360662460327,2.3584954738616943,2.718806266784668,3.083566665649414,3.5588302612304688,2.4836032390594482,2.6504056453704834,2.582526922225952,2.5265777111053467,2.535764217376709,2.8328843116760254,2.864506244659424,3.972573757171631,4.48248815536499,4.439683437347412,3.786126136779785
-0.3082157075405121,-0.026798410341143608,0.9245302677154541,1.5001521110534668,1.6402678489685059,1.432443618774414,1.0641659498214722,0.6684665679931641,0.27505719661712646,-0.15606825053691864,-0.34138691425323486,-0.4323807954788208,-0.2537987232208252,-0.36146607995033264,-0.6426334977149963,-0.12390124797821045,-0.2096240073442459,-0.11336967349052429,0.022436853498220444,0.38152921199798584,0.697030246257782,0.8846713304519653,1.1531562805175781,1.7154431343078613,2.0825607776641846,2.5207877159118652,2.362942695617676,2.336992025375366,2.367697238922119,2.7065176963806152,3.1076548099517822,3.6734087467193604,2.526200532913208,2.2197232246398926,2.691197633743286,2.735853672027588,2.633174419403076,2.6628520488739014,2.513099193572998,2.887139081954956,3.287592649459839,4.282436847686768,3.821873903274536
-0.45037132501602173,0.04587422311306,1.4442137479782104,1.7868828773498535,1.4486591815948486,0.9502211213111877,0.5439938306808472,0.24484041333198547,-0.08474838733673096,-0.42104580998420715,-0.6765503287315369,-0.7800722122192383,-0.667050838470459,-0.24357223510742188,-0.32245853543281555,-0.57297682762146,-0.3317227363586426,0.08280223608016968,0.2926703989505768,0.5882059335708618,0.7055149674415588,0.8376988172531128,1.0806310176849365,1.5937309265136719,2.238877534866333,2.268500328063965,2.170036554336548,2.504387617111206,3.136528253555298,3.1162636280059814,3.455498218536377,3.8510501384735107,3.6026482582092285,2.9974987506866455,2.7944278717041016,2.8726658821105957,2.717341184616089,2.592036247253418,2.5381131172180176,2.285966396331787,2.853790283203125,4.04303503036499,3.861800193786621
-0.1388901174068451,0.3432885706424713,1.4974617958068848,1.7633191347122192,1.344024658203125,0.7824464440345764,0.347409725189209,0.021902762353420258,-0.2984277307987213,-0.5838068723678589,-0.7681388854980469,-0.8044461011886597,-0.6990810632705688,-0.1958395391702652,0.37719371914863586,-0.17100228369235992,-0.1913464069366455,0.06951356679201126,0.37583738565444946,0.520842432975769,0.7654932737350464,0.8908033967018127,1.0821441411972046,1.3340669870376587,1.9093741178512573,1.9744361639022827,1.9431482553482056,1.420495629310608,2.406233072280884,3.2170255184173584,3.588073253631592,4.038177013397217,3.9973528385162354,3.482008457183838,2.9598147869110107,2.7639477252960205,2.813122034072876,2.650723934173584,2.646003007888794,1.8861145973205566,2.166884183883667,3.2557079792022705,3.980191230773926
-0.3669106066226959,-0.4997217059135437,-0.21138039231300354,0.3610776960849762,0.5933787226676941,0.47976458072662354,0.2810593545436859,0.05123346298933029,-0.18029850721359253,-0.38934335112571716,-0.4425862729549408,-0.38744527101516724,-0.35053300857543945,-0.31122148036956787,0.09416522830724716,0.9487923979759216,0.600140392780304,0.6206939220428467,0.743341326713562,0.5125304460525513,0.4163621962070465,0.7295849919319153,1.0899213552474976,1.3134294748306274,1.383926510810852,2.412476062774658,2.727222204208374,1.9664225578308105,2.371251106262207,3.179373025894165,3.526672601699829,3.6118016242980957,3.5145750045776367,3.171760082244873,2.869072675704956,2.857391119003296,3.0200765132904053,2.93780779838562,3.018892526626587,2.6924326419830322,2.3915469646453857,2.9222798347473145,4.189833641052246
-0.6958518624305725,-1.1874544620513916,-0.5301426649093628,0.47789156436920166,0.8082939386367798,0.6175056099891663,0.31155434250831604,0.07833488285541534,-0.06609562784433365,-0.1083708181977272,-0.05937570333480835,-0.022468650713562965,-0.08529925346374512,-0.15077760815620422,0.049906499683856964,1.052303433418274,0.9723747968673706,0.8137840628623962,0.5294135808944702,0.3354503810405731,0.4751588702201843,0.6314470171928406,0.5154070854187012,0.7576841711997986,1.2929151058197021,1.200230598449707,2.423959493637085,2.2167046070098877,3.423985242843628,3.885249614715576,3.5679097175598145,3.348085880279541,3.0884037017822266,2.7885794639587402,2.7599000930786133,2.7830522060394287,3.1305055618286133,3.201720714569092,3.044942855834961,2.8496286869049072,2.7652666568756104,2.648362874984741,3.4826743602752686
-0.5548396110534668,-0.8347452282905579,-0.6304060816764832,-0.4527953267097473,-0.2626083493232727,-0.06393502652645111,0.008062496781349182,-0.01641063578426838,-0.018354304134845734,0.0435359887778759,0.17376385629177094,0.3057287335395813,0.38246965408325195,0.4453243613243103,0.4391964077949524,0.8132259845733643,1.634686827659607,1.2027630805969238,0.4266347289085388,0.19438277184963226,0.6064515709877014,0.6394188404083252,1.092134714126587,1.7229083776474,1.4915566444396973,1.2736631631851196,1.4409948587417603,1.6575762033462524,2.7955844402313232,3.200927972793579,3.0799903869628906,3.143019676208496,3.0458505153656006,2.9403181076049805,3.01774525642395,2.8492319583892822,2.822493076324463,3.2999584674835205,3.3219223022460938,3.0500969886779785,2.742872953414917,2.64225435256958,2.943237066268921
-0.6289142370223999,-0.7851750254631042,-1.2884514331817627,-1.7678786516189575,-1.4094732999801636,-0.7175300121307373,-0.18580761551856995,0.0714644342660904,0.18902374804019928,0.33930903673171997,0.4544393718242645,0.589499831199646,0.7844196557998657,0.8128061890602112,0.8054641485214233,0.9661199450492859,1.7736257314682007,1.3443340063095093,0.9458029270172119,0.6455163359642029,0.6343156695365906,0.9988466501235962,1.413165807723999,1.9483463764190674,2.2114222049713135,2.443045139312744,2.240952730178833,1.6722073554992676,2.28552508354187,2.5253283977508545,2.961130142211914,3.0486397743225098,3.3125674724578857,3.1304728984832764,3.2036707401275635,3.261728048324585,2.793760299682617,2.724806785583496,3.134181022644043,3.2304317951202393,2.934408664703369,2.884321928024292,2.5122530460357666
-0.4784848988056183,-0.8538501858711243,-1.0692625045776367,-0.9028871059417725,-0.3981132507324219,-0.04608716443181038,0.1394146978855133,0.2652067542076111,0.4130856990814209,0.6448514461517334,0.7913803458213806,0.8656258583068848,0.935994565486908,0.9381998777389526,0.931097149848938,1.1866848468780518,1.9832504987716675,1.9624253511428833,1.8041545152664185,1.483526587486267,1.3199940919876099,1.8645893335342407,1.5018149614334106,1.3178738355636597,1.9999265670776367,2.180828809738159,2.272972583770752,1.607448697090149,1.7418019771575928,2.2579007148742676,2.790687322616577,3.164213180541992,3.437626361846924,3.1097517013549805,3.212977647781372,3.218168258666992,2.931612968444824,2.756784439086914,2.546846389770508,2.903214931488037,2.9392378330230713,2.5025620460510254,1.8313735723495483
-0.4749230742454529,-0.6775394678115845,-1.0259373188018799,-0.8499736785888672,-0.7560960650444031,-0.28829848766326904,0.10633662343025208,0.3232792019844055,0.5906609892845154,0.907968282699585,1.0913562774658203,1.1425188779830933,1.0786398649215698,0.9991535544395447,0.8681840896606445,1.1867603063583374,2.076817035675049,3.043750286102295,2.5567636489868164,2.4540770053863525,2.188077688217163,2.329207181930542,1.786474347114563,1.9575426578521729,2.1061813831329346,2.276667833328247,1.86396324634552,1.3475593328475952,1.313865303993225,1.7656210660934448,2.1862123012542725,2.906350612640381,3.3418798446655273,3.3115429878234863,3.3578803539276123,2.890817642211914,3.156921863555908,3.1649017333984375,3.135059356689453,2.7908132076263428,2.9024147987365723,2.7567965984344482,2.3346166610717773
-0.4965899884700775,-0.7302099466323853,-1.0412936210632324,-1.1354237794876099,-0.6690143942832947,0.12910746037960052,0.375073105096817,0.3938790261745453,0.5676961541175842,0.883813202381134,1.1339508295059204,1.2241549491882324,1.1931785345077515,1.0997966527938843,1.077325463294983,1.1799206733703613,1.815264344215393,3.094940662384033,3.1760895252227783,3.1385200023651123,3.125823974609375,3.3468897342681885,2.0483150482177734,2.3076653480529785,2.3830316066741943,2.380476236343384,2.2512753009796143,1.5169298648834229,1.3210760354995728,1.7691704034805298,2.2370071411132812,2.659541368484497,3.1992273330688477,3.6457881927490234,3.540226697921753,3.051231861114502,2.959334373474121,2.680978298187256,2.828538179397583,3.233132839202881,3.1223549842834473,3.159599542617798,3.0093071460723877
-0.5017921328544617,-0.38351970911026,-0.5477954149246216,-0.5828361511230469,0.18748344480991364,1.0411872863769531,0.8414853811264038,0.49052321910858154,0.4323037564754486,0.6599844694137573,1.0198122262954712,1.3056148290634155,1.4479975700378418,1.472498893737793,1.517114520072937,1.5737824440002441,1.9842554330825806,2.722830295562744,3.768986225128174,3.514885663986206,3.094843864440918,2.6105775833129883,2.2296767234802246,1.9191752672195435,2.1031177043914795,2.0766210556030273,2.4360389709472656,1.8862282037734985,1.916853427886963,2.509280204772949,2.5542140007019043,2.6306862831115723,3.245086669921875,3.4846432209014893,3.438286304473877,3.527773857116699,2.961967706680298,2.680986166000366,2.937282085418701,2.9580767154693604,3.096686840057373,2.74863862991333,2.670300245285034
