src/assets/data/init2021042400/wind_stream/u10v10_d01_2021042411.json
{"header": { "parameterNumberName": "eastward_wind", "parameterUnit": "m.s-1", "parameterNumber": 2, "parameterCategory": 2, "nx": 124, "ny": 124, "numberPoints": 15376, "dx": 0.1858516129032258, "dy": 0.17743435483870967, "la1": 26.9247, "lo1": 90.9384, "la2": 4.92284, "lo2": 113.984, "refTime": "2021-04-{dd_th} 11:00:00" }, "data":
[rows 95 to 113 of 124, columns 0 to 42 of 124]
1.0893614292144775,1.2269408702850342,1.3750959634780884,1.1397807598114014,2.5467770099639893,2.4106693267822266,1.1689833402633667,0.863216757774353,0.1932758092880249,0.9289210438728333,1.536431074142456,1.3019791841506958,1.3307057619094849,2.0092570781707764,1.0329506397247314,-1.7775304317474365,-1.9281314611434937,0.4370770752429962,0.30342331528663635,-1.640479564666748,-2.02483868598938,-0.5601076483726501,0.4841628074645996,0.6746999621391296,1.1072824001312256,1.7246971130371094,2.2224175930023193,2.138571262359619,2.7030725479125977,3.8976736068725586,5.4027485847473145,4.452678203582764,3.9508352279663086,3.285656213760376,2.7611775398254395,3.2446913719177246,3.8849592208862305,4.005218982696533,3.3590965270996094,3.7722089290618896,3.3942627906799316,2.4006147384643555,2.1269326210021973
0.12931206822395325,0.4981723129749298,1.2562410831451416,1.2747243642807007,2.0175437927246094,1.6252895593643188,0.5920978784561157,0.7785142660140991,0.5081549286842346,1.0962377786636353,1.4412022829055786,1.1248699426651,1.3235174417495728,2.245565414428711,1.2815552949905396,-1.8156918287277222,-2.143307685852051,0.44819122552871704,0.508576512336731,-0.8478353023529053,-0.8001304864883423,0.050706252455711365,1.0047571659088135,1.024585247039795,1.5613594055175781,2.1093297004699707,2.374692678451538,2.1783525943756104,2.5450994968414307,3.33931565284729,4.142880439758301,4.6299848556518555,4.484928607940674,3.4454855918884277,2.456770181655884,2.790430784225464,3.503291368484497,4.311690330505371,3.582651138305664,3.938462972640991,3.0196006298065186,1.684611439704895,2.4278314113616943
-0.45000794529914856,0.040285587310791016,1.110476016998291,2.1653592586517334,1.4817253351211548,0.23435528576374054,0.1711430549621582,0.32270345091819763,0.6399273872375488,1.112255334854126,1.2354180812835693,1.0560245513916016,1.2166165113449097,2.0611419677734375,1.786698341369629,-1.0052790641784668,-2.1588072776794434,-0.06068994104862213,0.2824215292930603,-0.7991549372673035,0.03652776777744293,1.371695637702942,1.336828589439392,0.9930358529090881,1.5228289365768433,1.9153975248336792,2.430997133255005,1.8938101530075073,1.730391025543213,3.1451854705810547,4.348145961761475,4.227778434753418,4.358843803405762,3.5107107162475586,2.123080253601074,2.0881059169769287,2.8980202674865723,3.3202080726623535,3.5447440147399902,3.9602770805358887,2.7242488861083984,1.4513095617294312,2.5436553955078125
-0.2825431525707245,0.06545180082321167,0.6027581691741943,1.1322205066680908,0.49281802773475647,-0.19621124863624573,-0.3417852520942688,0.2738666534423828,1.2624212503433228,1.0374740362167358,0.969221293926239,1.0366400480270386,1.2240961790084839,2.134553909301758,2.5022966861724854,0.7530413269996643,-1.3397691249847412,-0.5265350341796875,-0.11154208332300186,-0.6596523523330688,0.4816526174545288,1.8153198957443237,1.318647861480713,0.5406000018119812,0.9803906679153442,1.3861501216888428,2.2985830307006836,1.4382559061050415,1.2520829439163208,2.5742886066436768,3.837310791015625,3.852487087249756,3.9804584980010986,3.425058603286743,1.6687238216400146,1.3581405878067017,2.22861385345459,2.893414258956909,3.525200843811035,3.643122911453247,2.2836523056030273,1.5539270639419556,2.524249792098999
0.2150299996137619,0.37303218245506287,0.3249359130859375,-0.29771190881729126,-0.5379754900932312,-0.06740809977054596,-0.1229490339756012,0.053890686482191086,1.3948001861572266,1.109797716140747,0.7674002647399902,1.2476617097854614,1.2669163942337036,2.062246799468994,2.8281092643737793,1.6665875911712646,-0.8318770527839661,-1.1215847730636597,-0.6450489163398743,-0.05471103638410568,0.8801895380020142,1.5791972875595093,0.9043979048728943,0.14154638350009918,0.577131986618042,0.9028704762458801,1.5472412109375,1.2619248628616333,1.3986197710037231,2.3938190937042236,3.2089145183563232,3.070793628692627,3.675203323364258,3.6494126319885254,1.3480807542800903,0.6698113679885864,1.766232967376709,2.27093505859375,2.7662596702575684,3.2463786602020264,1.8883473873138428,0.9210954904556274,1.8402256965637207
0.43902891874313354,0.41826534271240234,-0.0040830885991454124,-1.1482677459716797,-0.873613178730011,-0.22292384505271912,-0.31153538823127747,0.77866530418396,1.3875807523727417,0.9300991296768188,1.0605816841125488,1.3230358362197876,1.3538507223129272,2.087677478790283,3.127980947494507,2.1473453044891357,-1.2950564622879028,-1.9535117149353027,-0.54116290807724,0.2808800935745239,1.0300875902175903,1.1251697540283203,0.40426596999168396,0.14719760417938232,0.33166736364364624,0.20430895686149597,0.7551517486572266,1.3196038007736206,1.79401433467865,2.145030975341797,2.0452229976654053,2.1049859523773193,3.061554431915283,3.6810500621795654,1.0365687608718872,-0.15362706780433655,1.5400887727737427,2.0265095233917236,2.9811761379241943,2.8203389644622803,0.6189745664596558,0.31186577677726746,1.493472933769226
0.2436581552028656,0.18234014511108398,-0.1793956607580185,-1.2064226865768433,-0.9832116961479187,-0.0784994587302208,0.11708866059780121,1.1071646213531494,1.4576234817504883,0.8717753887176514,1.185016393661499,1.558739423751831,1.7378451824188232,2.307192325592041,3.2105302810668945,2.549332618713379,-1.026448369026184,-1.918339729309082,-0.38042163848876953,0.2498263120651245,0.8987075686454773,0.8273476362228394,0.24244649708271027,0.05762951821088791,0.04840358719229698,-0.24302764236927032,0.08368515968322754,0.8673003315925598,1.4066965579986572,1.2025681734085083,1.2929260730743408,1.9081286191940308,2.76486873626709,3.773244619369507,1.5746917724609375,-0.44564932584762573,1.173707365989685,2.388564348220825,3.460230827331543,2.241363763809204,0.10053689032793045,0.6609383225440979,1.7862601280212402
-0.09163685888051987,-0.1316162645816803,-0.22584214806556702,-0.8475455641746521,-0.3925214409828186,0.135858416557312,0.2628237307071686,1.339259147644043,1.3566018342971802,1.2246720790863037,1.3174610137939453,1.538824200630188,2.123647689819336,2.6014890670776367,3.5472350120544434,3.2525806427001953,0.15053652226924896,-1.49982488155365,-0.5984847545623779,0.05705000460147858,0.7660146355628967,1.0276923179626465,0.4659039080142975,0.20187489688396454,0.08357435464859009,-0.5067704319953918,-0.05053664743900299,0.5686896443367004,0.5644745230674744,0.7564913034439087,1.125540852546692,1.7496943473815918,2.5813026428222656,3.5168848037719727,3.0830156803131104,1.3243056535720825,1.5897765159606934,2.9835312366485596,3.444819927215576,2.6528444290161133,1.8464704751968384,1.890659213066101,2.3640592098236084
-0.23997464776039124,-0.23089031875133514,-0.1576966643333435,-0.5673894286155701,-0.2226436287164688,0.529659628868103,0.7710322141647339,1.3841642141342163,1.358958125114441,1.2419646978378296,1.362762451171875,1.9172286987304688,2.543299674987793,2.8790194988250732,3.6742732524871826,3.704329013824463,1.1852394342422485,-0.9889055490493774,-0.7124913930892944,-0.10742217302322388,0.7372043132781982,1.1772685050964355,0.6371932625770569,0.7183114886283875,0.5904877781867981,-0.5839969515800476,-0.4522880017757416,0.23993191123008728,0.6249905228614807,1.1243654489517212,0.8549537658691406,1.0968126058578491,2.1121432781219482,2.7843000888824463,3.2591984272003174,3.8609607219696045,3.762408971786499,3.7555251121520996,3.3789849281311035,2.7451090812683105,2.4896738529205322,2.781181573867798,2.7771902084350586
-0.0554523728787899,0.06568319350481033,0.19370073080062866,-0.17032009363174438,0.3226311206817627,0.8351184129714966,0.835853099822998,1.3164085149765015,1.3250315189361572,1.3192458152770996,1.699715256690979,2.1644287109375,2.619748830795288,2.9602644443511963,3.768444299697876,4.388465404510498,2.6716179847717285,-0.2691759169101715,-0.9930327534675598,0.03250996023416519,0.6696938276290894,1.0866142511367798,1.0252526998519897,0.989099383354187,1.007887840270996,0.1669326275587082,-0.6285012364387512,-0.27239710092544556,0.5374651551246643,0.708336591720581,0.8384602069854736,0.9108994603157043,1.2507926225662231,2.3086650371551514,3.1049628257751465,3.5028908252716064,3.440159797668457,3.031587839126587,3.050967216491699,3.1452109813690186,2.8520712852478027,3.2369625568389893,3.5742435455322266
0.17100058495998383,0.40677744150161743,0.5811348557472229,0.052407730370759964,0.2119530588388443,0.6024965643882751,0.6494269371032715,1.0773736238479614,1.10017728805542,1.319089651107788,1.8575541973114014,2.2764663696289062,2.6229212284088135,2.8740382194519043,3.393491268157959,4.028375148773193,3.298090934753418,0.6291915774345398,-0.48558130860328674,0.4015292227268219,0.567635715007782,0.978101909160614,1.303280234336853,1.1494461297988892,1.6056749820709229,0.7382916212081909,-1.2233614921569824,-0.7024312615394592,0.4318767488002777,0.06496177613735199,0.4300364553928375,1.0159633159637451,0.6652477979660034,1.4354456663131714,3.0809123516082764,2.8688035011291504,2.186782121658325,2.2335243225097656,3.0190258026123047,3.3310434818267822,3.5398402214050293,3.7976362705230713,3.9340243339538574
0.14627762138843536,0.4233337640762329,0.5690218210220337,-0.24710707366466522,-0.30357614159584045,0.28100892901420593,0.3290841281414032,0.5526854395866394,0.55411696434021,0.7581273317337036,1.4189444780349731,2.1079154014587402,2.490062952041626,2.688415765762329,3.009230852127075,3.703692674636841,3.7828850746154785,2.0789637565612793,1.024443507194519,1.1162594556808472,0.460206001996994,0.8186445832252502,1.44251549243927,1.220016360282898,1.5483448505401611,0.6470407843589783,-1.2460098266601562,-0.8869782090187073,0.5405394434928894,0.21959145367145538,0.521766722202301,0.4040314853191376,0.15591679513454437,1.3522565364837646,2.9177403450012207,3.494967460632324,2.102294445037842,1.6554138660430908,2.3615338802337646,2.941958427429199,3.612757682800293,3.9839742183685303,4.2186408042907715
-0.18201933801174164,0.04964467138051987,0.15282100439071655,-0.7114027738571167,-0.47737714648246765,-0.2516431212425232,-0.4040345549583435,0.01923583447933197,-0.1235448494553566,0.250801682472229,0.9327271580696106,1.688677191734314,2.176687240600586,2.3835363388061523,2.891179323196411,3.5971570014953613,4.031637191772461,3.466999053955078,2.536604404449463,1.5596297979354858,0.43951618671417236,0.8414008021354675,1.4420337677001953,1.205493688583374,1.1267563104629517,0.4972522556781769,-0.7501701712608337,-0.6380937695503235,0.43382856249809265,0.05407179147005081,0.30320847034454346,0.5817334055900574,0.5576683282852173,1.357975959777832,2.234729766845703,3.6605684757232666,3.2987661361694336,2.260960102081299,2.0358469486236572,2.387265205383301,3.2017784118652344,3.8917880058288574,4.433530807495117
-0.6370539665222168,-0.4799521267414093,-0.46314486861228943,-1.073909878730774,-1.0655014514923096,-0.8173766136169434,-0.9290242791175842,-0.7938549518585205,-0.5368956327438354,-0.005578971933573484,0.6444718837738037,1.1749666929244995,1.6210423707962036,2.2680981159210205,2.9084787368774414,2.986130714416504,3.6394307613372803,3.3468313217163086,2.508998155593872,1.9497212171554565,0.926788866519928,0.7358568906784058,1.2268835306167603,1.2129051685333252,0.8536919951438904,1.01302170753479,0.005051580257713795,-0.3412173390388489,0.26566487550735474,-0.605679988861084,-0.18381258845329285,1.4848673343658447,1.1092026233673096,0.5613422989845276,1.8679959774017334,3.0920004844665527,3.8968262672424316,3.790529251098633,2.796030282974243,2.026573419570923,2.542508363723755,3.778397560119629,4.487120628356934
-1.1505669355392456,-1.0594688653945923,-1.074544906616211,-1.3825727701187134,-1.2526592016220093,-1.1666408777236938,-1.157300591468811,-1.101508378982544,-0.8774409294128418,-0.18221056461334229,0.11872327327728271,0.7613275647163391,1.5175374746322632,2.2374889850616455,2.5480008125305176,2.3098268508911133,2.9315226078033447,3.3519365787506104,2.8828351497650146,2.063274621963501,0.95136559009552,0.2891395092010498,0.8223524689674377,0.9650793671607971,0.694171130657196,1.6556434631347656,0.557226836681366,-0.658637285232544,-0.6119243502616882,-1.0265635251998901,-0.2557079792022705,1.1234822273254395,1.2617384195327759,0.2975979149341583,1.1473294496536255,2.6825737953186035,3.634542226791382,3.789323568344116,3.3637828826904297,2.8511719703674316,2.7412302494049072,3.7752327919006348,4.730209827423096
-1.9304449558258057,-1.8904231786727905,-1.8572202920913696,-1.8029241561889648,-1.4443340301513672,-1.4474164247512817,-1.4416735172271729,-1.3563612699508667,-1.2330743074417114,-0.4519317150115967,-0.1889035701751709,0.5905003547668457,1.3712751865386963,1.9266237020492554,2.3277432918548584,2.4085304737091064,2.651944875717163,2.6752090454101562,2.8263423442840576,1.9197592735290527,0.11268278956413269,-0.4929579794406891,0.07330702245235443,0.630056619644165,0.8114570379257202,1.5855227708816528,0.475098192691803,-1.2538632154464722,-0.7140111327171326,-0.5041667819023132,-0.5102103352546692,0.2915249764919281,0.9549193382263184,0.5881271958351135,1.0597349405288696,2.384624481201172,3.3065755367279053,3.849837064743042,3.912379741668701,3.652709484100342,3.8922572135925293,4.111283779144287,3.925706624984741
-2.497570276260376,-2.443202257156372,-2.3311800956726074,-1.8685256242752075,-1.5425945520401,-1.573047399520874,-1.7631438970565796,-1.7067440748214722,-1.1119024753570557,-0.5025598406791687,0.4637485146522522,0.4070156216621399,0.9052287936210632,1.806843638420105,2.215561866760254,2.312204599380493,1.781201720237732,1.9921839237213135,2.265113115310669,1.1080589294433594,-1.0502711534500122,-1.3361955881118774,-0.11556984484195709,0.17634691298007965,0.32727736234664917,0.6374122500419617,0.2505660653114319,-0.32219305634498596,-0.23815980553627014,0.08549023419618607,-0.24480672180652618,-0.3368769586086273,0.007098344620317221,0.4355684518814087,1.031234860420227,1.8713551759719849,2.822664260864258,3.9934070110321045,4.689089298248291,4.497447967529297,4.445312023162842,3.8901731967926025,3.120109796524048
-2.314851760864258,-1.9977493286132812,-1.929523229598999,-1.3939690589904785,-1.2540247440338135,-1.3946832418441772,-1.2617435455322266,-0.6469812393188477,0.021039241924881935,0.07526534795761108,0.3226932883262634,0.1479799598455429,0.45342952013015747,1.4085071086883545,1.9328303337097168,1.9221550226211548,1.3739310503005981,1.306885004043579,1.86752450466156,1.2503966093063354,-1.1687418222427368,-1.8080132007598877,-0.7985759377479553,-0.20768512785434723,0.10835835337638855,-0.10764647275209427,0.5583258271217346,0.7501051425933838,0.6058391332626343,0.2079271525144577,-0.07600779086351395,-0.25850868225097656,-0.7380606532096863,0.30412986874580383,0.6067340970039368,1.1962463855743408,2.5390124320983887,3.7507808208465576,4.582098960876465,4.745087623596191,5.000657081604004,4.085865497589111,3.0633809566497803
-0.8613642454147339,-0.22662042081356049,0.037584926933050156,0.022552011534571648,-0.2650403678417206,0.1452990025281906,0.4415929317474365,0.4865806996822357,1.593206763267517,1.4908421039581299,-0.0740940198302269,-0.376003623008728,0.6933236718177795,1.2461386919021606,1.3344117403030396,1.7015734910964966,1.8164743185043335,1.0231330394744873,0.6603686809539795,1.5083937644958496,0.2674582600593567,-2.106846332550049,-1.8641554117202759,-0.6352661848068237,-0.3363209664821625,-0.26837024092674255,0.6107392311096191,1.4877599477767944,1.1766990423202515,-0.1877821385860443,0.04433763399720192,-0.12852293252944946,-0.890774130821228,-0.09811867773532867,0.06492612510919571,0.8039332032203674,1.9189083576202393,3.0792064666748047,4.440434455871582,4.9575018882751465,6.879587650299072,5.703474998474121,3.8309216499328613
