src/assets/data/init2021042400/wind_stream/u10v10_d01_2021042411.json
{"header": { "parameterNumberName": "northward_wind", "parameterUnit": "m.s-1", "parameterNumber": 3, "parameterCategory": 2, "nx": 124, "ny": 124, "numberPoints": 15376, "dx": 0.1858516129032258, "dy": 0.17743435483870967, "la1": 26.9247, "lo1": 90.9384, "la2": 4.92284, "lo2": 113.984, "refTime": "2021-04-{dd_th} 11:00:00" }, "data":
[rows 38 to 56 of 124, columns 43 to 85 of 124]
-0.48228469491004944,-0.2902255654335022,-0.36753466725349426,-0.3159330487251282,-0.35738852620124817,1.3341410160064697,1.4573416709899902,0.720754861831665,0.3040071129798889,0.3753972053527832,0.8421616554260254,1.4038290977478027,1.8030812740325928,2.012375593185425,2.0876080989837646,2.140977621078491,2.3452365398406982,3.077857255935669,3.7604334354400635,3.565000534057617,3.360826253890991,2.647308826446533,2.0372214317321777,1.8018349409103394,1.030893325805664,0.27601370215415955,0.8428959250450134,1.8726341724395752,2.476994037628174,2.7817680835723877,2.7169923782348633,2.8878772258758545,3.312847375869751,3.342644214630127,3.428083896636963,3.2705225944519043,3.3665895462036133,3.261744976043701,2.7624032497406006,2.5129618644714355,3.0386605262756348,2.301238775253296,2.5709991455078125
-0.5859729647636414,-0.3518095314502716,-0.28424108028411865,-0.4079623818397522,-0.5122145414352417,0.49885696172714233,0.9182604551315308,0.3045260012149811,-0.06156932935118675,0.04921555519104004,0.6360940933227539,1.5121525526046753,2.323045492172241,2.7231955528259277,2.7215256690979004,2.7345943450927734,2.738589286804199,3.288942813873291,4.273594856262207,4.474371433258057,3.0215890407562256,3.1098666191101074,1.7489023208618164,0.9915543794631958,-0.44653716683387756,-0.9126611948013306,0.18831175565719604,0.9637395143508911,1.1586142778396606,1.8951510190963745,2.5303263664245605,3.0779359340667725,3.2526628971099854,3.434640884399414,3.336508274078369,2.919461727142334,2.8876657485961914,2.44968581199646,2.132068395614624,2.463320255279541,2.6116175651550293,2.204993486404419,2.5422327518463135
-0.41707050800323486,-0.17077338695526123,-0.0033705653622746468,-0.05472254380583763,-0.10618185997009277,-0.03289616480469704,0.10268710553646088,-0.1610722839832306,-0.3694641590118408,-0.2375340461730957,0.5805887579917908,1.5711283683776855,2.5317583084106445,3.137464761734009,3.151329755783081,3.1960647106170654,3.172328233718872,4.089208602905273,3.557116746902466,4.469975471496582,2.457366704940796,1.982543706893921,1.1434649229049683,-0.23299859464168549,-0.40351924300193787,0.17014996707439423,0.7062614560127258,0.6492869257926941,0.7410801649093628,1.5182268619537354,2.157592296600342,2.5156209468841553,3.119521379470825,3.172492504119873,3.0563604831695557,2.905799627304077,2.598065137863159,2.454230308532715,2.027331829071045,2.5021135807037354,2.6638619899749756,2.3891491889953613,2.494290828704834
-0.6841239929199219,-0.3505449891090393,0.11851078271865845,-0.0010412519332021475,-0.22991786897182465,0.12781722843647003,0.545220673084259,0.16452495753765106,-0.3594520390033722,-0.3742207884788513,0.4386439323425293,2.3568785190582275,3.517385482788086,3.750962495803833,3.750732421875,3.981024980545044,3.8184382915496826,3.3828890323638916,3.529409885406494,4.085787773132324,2.348353862762451,0.9611915349960327,0.5598655343055725,0.3120981752872467,0.7904419898986816,1.8653286695480347,2.023787260055542,0.7796724438667297,-0.27958083152770996,0.2410290390253067,1.8538167476654053,1.8725179433822632,2.6080169677734375,2.60146427154541,2.178290367126465,2.237565517425537,2.3246514797210693,2.1810245513916016,1.954662799835205,2.353457450866699,2.2914998531341553,2.60145902633667,2.422267198562622
-0.7617331147193909,-0.3647172451019287,-0.103770911693573,-0.3071741461753845,0.1983432173728943,0.6728858351707458,1.2206857204437256,0.598172664642334,-0.2208459973335266,-0.21890555322170258,0.6372846961021423,2.7905423641204834,3.8739771842956543,3.147303819656372,3.3559460639953613,4.296518802642822,3.5354769229888916,2.9085254669189453,3.3130247592926025,4.486705303192139,3.0767199993133545,0.995223879814148,1.0108314752578735,1.7111444473266602,1.8766899108886719,1.9978663921356201,0.9108841419219971,0.5682451128959656,1.0184727907180786,0.6916923522949219,0.5603311061859131,1.4730987548828125,1.9156297445297241,2.383373975753784,2.0521249771118164,2.1627063751220703,2.1816329956054688,2.099480390548706,2.1539268493652344,2.1455392837524414,2.157477378845215,2.3320059776306152,2.0987396240234375
-0.3732500374317169,-0.12895888090133667,-0.29255160689353943,0.012553045526146889,1.0285722017288208,1.3483887910842896,1.7479380369186401,0.9483465552330017,-0.013315095566213131,0.10920171439647675,1.2308926582336426,2.702975273132324,3.904815673828125,2.9796464443206787,3.432528495788574,3.777519702911377,3.4611475467681885,3.278104066848755,3.8560423851013184,4.158262729644775,3.404604434967041,2.4627561569213867,2.118325710296631,2.378385543823242,2.305180311203003,1.2831275463104248,-0.8561875820159912,0.52908855676651,1.798261046409607,0.7935051321983337,-0.11009829491376877,1.3274095058441162,2.0586023330688477,2.362130641937256,2.066002368927002,2.3787102699279785,2.121868133544922,1.9687659740447998,2.2481577396392822,2.4228546619415283,2.385457992553711,2.105254888534546,1.8892148733139038
0.0950523167848587,0.2529664933681488,0.28542810678482056,0.4193444550037384,1.2586127519607544,1.2429604530334473,1.9816868305206299,1.2583420276641846,0.3035599887371063,0.534338116645813,1.7979695796966553,2.6893298625946045,4.523746013641357,5.054744720458984,5.0439229011535645,4.780189514160156,4.233104705810547,3.0130648612976074,3.672598123550415,3.5556721687316895,3.1408822536468506,2.772780418395996,2.8449349403381348,2.923767328262329,2.295300006866455,2.105747699737549,2.06606388092041,1.778248906135559,0.06788481771945953,0.029895620420575142,1.0693689584732056,1.5011298656463623,1.727941870689392,2.1023099422454834,2.1233088970184326,2.079103708267212,2.2647933959960938,2.0513172149658203,2.604245901107788,2.480328321456909,2.6879091262817383,2.0030922889709473,1.7383415699005127
1.0470945835113525,0.991653561592102,0.7218436598777771,0.7625818252563477,1.0372384786605835,1.2676383256912231,1.9065537452697754,1.3588905334472656,0.7200746536254883,0.9161597490310669,1.8423948287963867,2.374873399734497,3.9418187141418457,5.402922630310059,4.871443748474121,4.103616237640381,3.4473869800567627,2.954204797744751,3.0061187744140625,2.189732074737549,2.6511881351470947,2.54020357131958,3.0487091541290283,2.9983842372894287,2.4063634872436523,2.6965138912200928,3.291288137435913,2.540851354598999,1.2279664278030396,1.4837781190872192,1.106742262840271,1.1038652658462524,1.173493504524231,1.5868009328842163,2.209306240081787,2.0841963291168213,2.298353433609009,2.418952465057373,2.5954105854034424,2.255465269088745,2.271897554397583,2.223799467086792,1.8655486106872559
1.9851176738739014,1.8698248863220215,1.5800931453704834,0.7084554433822632,0.6171461343765259,1.2636816501617432,2.267298698425293,2.4038238525390625,2.4736030101776123,2.683863639831543,2.998990058898926,2.478060483932495,3.225220203399658,4.062485694885254,3.853193759918213,3.489427089691162,3.516425132751465,2.703167200088501,2.3772971630096436,1.8295633792877197,2.2027366161346436,2.408252477645874,2.8098227977752686,2.7802734375,2.7723147869110107,2.598099946975708,2.3226983547210693,2.2259292602539062,1.6846706867218018,1.5862914323806763,1.2341762781143188,0.813757598400116,1.1781439781188965,1.383984088897705,1.9107990264892578,2.2688281536102295,2.643662929534912,2.7253494262695312,2.588616132736206,2.1274704933166504,1.8958518505096436,1.9530247449874878,2.1504945755004883
1.713572382926941,2.3017780780792236,2.121105670928955,0.7964785099029541,0.6138490438461304,0.9831903576850891,1.7667062282562256,1.9447437524795532,1.9614205360412598,2.428373098373413,3.130995750427246,2.530343532562256,2.7678627967834473,3.0324268341064453,3.332481861114502,2.8271405696868896,2.8810689449310303,2.173490524291992,1.8021637201309204,1.768993616104126,2.4782934188842773,2.5705373287200928,2.725203275680542,2.406564235687256,2.7271435260772705,2.7937793731689453,2.376603603363037,2.1871588230133057,1.792569875717163,1.6070994138717651,1.5840810537338257,1.2980629205703735,0.9970413446426392,1.39566171169281,1.8696138858795166,2.296163558959961,2.4582204818725586,2.5552618503570557,2.5405166149139404,1.746585488319397,1.6015928983688354,1.734141230583191,2.015580892562866
0.704265832901001,0.9613497257232666,1.0787509679794312,0.8792254328727722,1.086166262626648,1.1129257678985596,1.0923006534576416,1.1531325578689575,0.7544996738433838,1.1129261255264282,1.7844496965408325,2.1098132133483887,2.490971565246582,2.6754963397979736,2.6184632778167725,1.431947946548462,1.3608595132827759,1.3563663959503174,1.6880310773849487,1.7861721515655518,2.1527905464172363,2.6312241554260254,2.7209179401397705,2.561007499694824,2.6111512184143066,2.6150941848754883,1.8723838329315186,2.049506425857544,1.8709558248519897,1.8970576524734497,1.4778201580047607,1.2896370887756348,1.0344294309616089,1.631005048751831,2.0087034702301025,1.945745825767517,2.049711227416992,2.123732566833496,2.0188891887664795,1.651785135269165,1.457646131515503,1.2091740369796753,1.4945639371871948
-0.33088913559913635,-0.30504876375198364,0.13305923342704773,0.5910906195640564,1.0511701107025146,1.331421971321106,1.3018935918807983,1.2778668403625488,1.6946074962615967,1.5775458812713623,1.9722158908843994,2.417187452316284,1.929149866104126,1.8443666696548462,1.2684080600738525,1.086113452911377,1.292852759361267,1.7192307710647583,2.2507221698760986,2.8236513137817383,2.987431526184082,3.2087888717651367,3.0981979370117188,2.5786995887756348,2.728020429611206,2.5495290756225586,2.1674411296844482,2.218050241470337,2.0080788135528564,1.8615840673446655,1.6429803371429443,1.521045207977295,1.5169233083724976,1.70296311378479,2.221031665802002,2.2139954566955566,2.374552011489868,2.3112823963165283,1.8700065612792969,1.5640463829040527,1.4315296411514282,1.3493777513504028,1.2937304973602295
-0.7187457084655762,-0.7149389982223511,-0.258465975522995,0.3564780652523041,0.7195470333099365,0.7954103946685791,0.8118671178817749,1.0472863912582397,2.030543804168701,2.5076847076416016,2.5105929374694824,2.6639676094055176,2.0246052742004395,1.9777766466140747,2.073415994644165,2.0960795879364014,1.881880760192871,2.185849666595459,2.340996265411377,2.6043732166290283,3.389902114868164,4.131911277770996,3.961317539215088,3.476395845413208,3.2098870277404785,2.9384844303131104,2.8848109245300293,2.955312967300415,2.7289059162139893,2.86267352104187,2.696587324142456,2.4244368076324463,2.350618362426758,2.491544485092163,2.6172728538513184,2.161900758743286,2.629608392715454,2.5468926429748535,2.1625399589538574,2.306265115737915,2.242314577102661,2.4684200286865234,2.2953295707702637
-0.8679160475730896,-1.0900301933288574,-0.6209481358528137,0.07066098600625992,0.36507460474967957,0.4638195335865021,0.22341099381446838,0.5467683672904968,1.6941883563995361,2.636838912963867,2.880511999130249,2.7613284587860107,2.5947935581207275,2.542135715484619,2.5177814960479736,3.231949806213379,2.0814805030822754,1.4249168634414673,1.2581565380096436,1.534811019897461,2.641261577606201,3.8469398021698,4.357016086578369,4.585273265838623,4.1589741706848145,3.805025339126587,3.5324652194976807,3.7412874698638916,3.126775026321411,3.789578914642334,3.2418212890625,3.1153934001922607,3.0713441371917725,2.471357583999634,2.5212690830230713,2.239429235458374,2.7748613357543945,2.6821084022521973,2.7936038970947266,2.558004379272461,2.2203590869903564,2.1028218269348145,2.171724796295166
-1.0145602226257324,-0.9204735159873962,-0.6521168351173401,-0.498575896024704,-0.5404399037361145,-0.20547230541706085,0.03890467435121536,0.2900564968585968,1.2351281642913818,2.42169451713562,3.1254494190216064,3.6218373775482178,2.696502208709717,2.3484230041503906,1.7255949974060059,2.163146495819092,1.6196972131729126,0.9532544016838074,0.4504013657569885,0.6518617868423462,1.5734148025512695,2.9251527786254883,4.108931541442871,4.585633754730225,4.883225440979004,4.65095853805542,4.283311367034912,4.161283016204834,3.361586093902588,3.587305784225464,3.628302812576294,3.5944695472717285,3.1346352100372314,2.30727219581604,2.734588146209717,3.0896658897399902,2.948042154312134,2.7422144412994385,2.6041202545166016,2.064713954925537,1.4139540195465088,0.6872254014015198,0.25194045901298523
-0.35978856682777405,-0.31068894267082214,-0.8855906128883362,-0.9869157671928406,-0.9874642491340637,-0.8350983262062073,-0.12450268864631653,0.7338244915008545,1.4120548963546753,2.787076473236084,3.6105008125305176,3.8737337589263916,2.6188132762908936,1.666232943534851,0.6969073414802551,0.9292295575141907,1.0596061944961548,0.8753123879432678,0.5315244793891907,0.6144133806228638,1.0953872203826904,1.9693952798843384,3.122666358947754,3.959967613220215,4.627433776855469,4.599031448364258,4.354618072509766,3.9723575115203857,3.342724323272705,3.2116708755493164,3.682027816772461,3.5165553092956543,2.9880592823028564,2.8589723110198975,3.5843772888183594,2.9812560081481934,3.538551092147827,2.41396427154541,1.9674574136734009,2.157411813735962,1.972121000289917,1.27347731590271,-0.03415483981370926
0.2594047784805298,0.05129573121666908,-0.47702381014823914,-0.9824277758598328,-1.3483198881149292,-1.1647528409957886,-0.5823588967323303,0.5153549909591675,1.6338938474655151,2.552518129348755,3.7356128692626953,3.66684627532959,2.623840093612671,1.228718638420105,0.5087363719940186,0.6450577974319458,0.25867924094200134,0.5400505661964417,1.2358574867248535,1.0735547542572021,1.0332096815109253,1.507645845413208,2.251115083694458,2.988262176513672,3.803802967071533,4.0952887535095215,4.307426929473877,3.7382733821868896,3.16585111618042,3.134000301361084,2.7662038803100586,3.1444122791290283,3.2502102851867676,3.5690762996673584,3.997678279876709,2.991058349609375,3.9366567134857178,2.7488205432891846,2.9207286834716797,2.8505587577819824,2.832368850708008,2.6933183670043945,1.9764256477355957
-0.39818379282951355,-0.37395983934402466,-0.43345507979393005,-1.0521169900894165,-1.286004900932312,-1.0122265815734863,-0.1925475150346756,1.189863681793213,2.190211534500122,2.543616771697998,3.078773260116577,3.3155763149261475,2.593871593475342,1.3334708213806152,0.8044755458831787,0.2718680799007416,0.038614220917224884,0.22383159399032593,0.5841863751411438,1.1453561782836914,1.5784610509872437,1.4396427869796753,1.841239333152771,2.632307767868042,3.440330982208252,3.6319587230682373,3.4661872386932373,3.708897590637207,3.410971164703369,3.3084614276885986,2.9381027221679688,3.3690247535705566,3.612990379333496,4.090613842010498,4.22269868850708,3.747668743133545,4.267334938049316,3.827277898788452,3.701120138168335,3.154888153076172,2.922044277191162,2.3576011657714844,2.456660032272339
-1.2406752109527588,-0.9080013632774353,-0.7268023490905762,-0.8540521860122681,-0.5198842287063599,-0.25578126311302185,0.3428287208080292,1.649531364440918,2.5685782432556152,2.7987470626831055,2.8741390705108643,2.999183416366577,2.2087972164154053,1.4307955503463745,0.7834396958351135,0.5973103642463684,0.7939116954803467,0.5542002320289612,0.22610720992088318,0.6816734671592712,1.134800910949707,1.4737823009490967,1.8802883625030518,2.3651669025421143,2.8101327419281006,3.300924777984619,3.339900016784668,4.097811698913574,3.667071580886841,3.108060121536255,3.249011278152466,3.713956832885742,3.800804376602173,4.020549774169922,4.044972896575928,3.998140335083008,4.505156517028809,3.333840847015381,2.293750286102295,1.7141263484954834,1.0378000736236572,1.2612088918685913,2.071275234222412
